$DEPOT:ID;capacity
00001;0
08208;0
08569;0
08206;0
08207;0
08567;0
08568;0
08323;0
08444;0
08564;0
08685;0
08320;0
08562;0
09096;0
09094;0
09090;0
08319;0
08556;0
08675;0
08313;0
08673;0
08674;0
09085;0
08459;0
08218;0
09305;0
08336;0
08458;0
08697;0
08334;0
08698;0
08577;0
08211;0
08453;0
08332;0
08333;0
08212;0
08570;0
08450;0
00001;0
08648;0
08646;0
08525;0
08888;0
08647;0
08889;0
08886;0
08524;0
08887;0
08884;0
08642;0
08521;0
08885;0
08761;0
08882;0
08883;0
08641;0
08880;0
09057;0
08881;0
09054;0
09290;0
08639;0
08758;0
08759;0
08875;0
08996;0
08631;0
08632;0
08992;0
09048;0
09289;0
08993;0
08872;0
09044;0
08309;0
08429;0
08547;0
08546;0
08422;0
09075;0
09190;0
08659;0
08657;0
00016;0
08658;0
08534;0
08777;0
08774;0
08533;2
09069;0
08652;0
08773;0
09189;0
08890;2
09064;0
09062;0
08726;0
08844;0
08603;0
09019;0
09018;0
09139;0
08843;0
08601;0
08840;0
09379;0
09375;0
09132;0
08839;0
08957;0
08954;0
09129;0
08953;0
09127;0
09005;0
08951;0
09004;0
08399;0
09003;0
09124;0
08396;0
09123;0
09362;0
08395;0
08271;0
08392;0
08393;0
08272;0
08390;0
08391;0
08628;0
08507;0
08629;0
08747;0
08989;0
08506;0
08745;0
08866;0
08624;0
08867;0
09712;0
08865;0
08623;0
08983;0
08981;0
09157;0
09274;0
09708;0
08736;4
09705;0
09704;0
08613;0
09701;0
09700;0
09149;0
09148;0
08852;1
08970;0
09267;0
09025;0
09024;0
09144;0
08296;0
09021;0
09140;0
09380;0
08808;0
08929;0
08922;1
09216;1
09698;0
08361;0
08241;0
08362;0
08916;3
08913;4
08358;0
08479;1
08356;0
08357;0
09203;0
08354;0
08355;0
09683;0
08353;2
08470;0
08708;0
08826;0
08706;0
08702;0
08387;0
08385;1
08264;0
08386;3
08265;0
09110;0
08260;1
08814;0
09109;0
08812;1
08259;0
08378;0
08499;0
09104;5
09223;9
09222;30
09220;8
$INITIALSTOPPOINT:ID;isLoadingstation;frequency
08208;true;4
08569;true;1
08206;false;0
08207;false;0
08567;false;0
08568;false;0
08323;false;0
08444;true;1
08564;false;0
08685;false;0
08320;false;0
08562;false;0
09096;false;0
09094;false;0
09090;false;0
08319;true;1
08556;false;0
08675;true;1
08313;false;0
08673;false;0
08674;false;0
09085;false;0
08459;false;0
08218;false;0
09305;false;0
08336;false;0
08458;false;0
08697;false;0
08334;false;0
08698;false;0
08577;true;1
08211;false;0
08453;true;2
08332;false;0
08333;false;0
08212;false;0
08570;true;1
08450;false;0
00001;false;0
08648;false;0
08646;false;0
08525;false;0
08888;false;0
08647;true;3
08889;false;0
08886;false;0
08524;false;0
08887;false;0
08884;true;5
08642;false;0
08521;false;0
08885;false;0
08761;false;0
08882;false;0
08883;false;0
08641;true;3
08880;false;0
09057;false;0
08881;true;2
09054;false;0
09290;false;0
08639;false;0
08758;false;0
08759;false;0
08875;false;0
08996;false;0
08631;false;0
08632;false;0
08992;false;0
09048;false;0
09289;false;0
08993;false;0
08872;false;0
09044;false;0
08309;false;0
08429;false;0
08547;false;0
08546;false;0
08422;false;0
09075;false;0
09190;false;0
08659;false;0
08657;false;0
00016;false;0
08658;false;0
08534;false;0
08777;false;0
08774;false;0
08533;false;0
09069;false;0
08652;false;0
08773;false;0
09189;true;1
08890;true;216
09064;false;0
09062;false;0
08726;false;0
08844;false;0
08603;false;0
09019;false;0
09018;false;0
09139;false;0
08843;false;0
08601;false;0
08840;false;0
09379;false;0
09375;false;0
09132;false;0
08839;false;0
08957;false;0
08954;false;0
09129;false;0
08953;true;1
09127;false;0
09005;false;0
08951;false;0
09004;false;0
08399;true;2
09003;false;0
09124;false;0
08396;false;0
09123;false;0
09362;false;0
08395;false;0
08271;false;0
08392;false;0
08393;false;0
08272;false;0
08390;true;1
08391;false;0
08628;false;0
08507;false;0
08629;false;0
08747;true;3
08989;false;0
08506;false;0
08745;false;0
08866;false;0
08624;false;0
08867;false;0
09712;false;0
08865;false;0
08623;false;0
08983;false;0
08981;false;0
09157;false;0
09274;false;0
09708;false;0
08736;false;0
09705;false;0
09704;false;0
08613;false;0
09701;false;0
09700;false;0
09149;false;0
09148;false;0
08852;false;0
08970;false;0
09267;false;0
09025;false;0
09024;false;0
09144;false;0
08296;false;0
09021;false;0
09140;true;1
09380;false;0
08808;false;0
08929;false;0
08922;false;0
09216;false;0
09698;false;0
08361;true;1
08241;false;0
08362;false;0
08916;false;0
08913;false;0
08358;false;0
08479;true;1
08356;false;0
08357;true;7
09203;false;0
08354;true;1
08355;true;2
09683;false;0
08353;false;0
08470;false;0
08708;false;0
08826;false;0
08706;false;0
08702;false;0
08387;false;0
08385;false;0
08264;false;0
08386;false;0
08265;false;0
09110;false;0
08260;false;0
08814;true;1
09109;false;0
08812;true;6
08259;false;0
08378;false;0
08499;true;1
09104;false;0
09223;false;0
09222;false;0
09220;false;0
$Umlauf:ID;Fahrten;;;;;;;;
0;[0847909064, 02490374, 0889008888, 02949134, 0889008887, 02162689, 0891608888, 02949122, 0889008880, 00589863, 0889008882, 01179651, 0889008883, 02818050, 0889008882, 01179652, 0889008883, 02818053, 0889008866, 02228228, 0847908479];[08890, 08890, 08890]
1;[0922208881, 00065542, 0835708361, 00065562, 0889008886, 01048583, 0889008880, 01114151, 0889008888, 06029314, 0856408562, 06029327, 0889008886, 00458762, 0881208812, 00917547, 0911009110, 05701636, 0889008881, 01376259, 0914009222];[08890, 08890, 08890, 09140]
2;[0922208888, 01441793, 0889008880, 00589830, 0889008886, 01048587, 0889008880, 01114145, 0889008886, 01048592, 0889008880, 01114126, 0889008886, 01048579, 0889008880, 01114131, 0889008886, 02621466, 0889008883, 02818059, 0889008882, 01179661, 0889008884, 03145760, 0889008885, 03276815, 0888509222];[08890, 08890, 08890, 08890, 08890]
3;[0889008888, 02162695, 0895408747, 02686988, 0837808378, 02686984, 0842908886, 02621451, 0889009190, 04653082, 0889008865, 02752514, 0889008992, 03473414, 0899308890];[08890, 08890, 08890]
4;[0922308745, 00327695, 0836208353, 01048630, 0889008886, 01048618, 0889009064, 04128771, 0889008886, 01048585, 0889008880, 01114120, 0889008884, 03145739, 0889008429, 02687017, 0837808378, 02687039, 0842908429, 01966081, 0844408444, 00851991, 0831909223];[08890, 08890, 08890]
5;[0922208568, 00655383, 0889008886, 01048586, 0889008880, 01114121, 0889008884, 03145769, 0889008885, 03276818, 0888509222];[08890, 08890, 08890]
6;[0922209290, 00524304, 0889008271, 00917511, 0881208812, 00917568, 0895409362, 00458772, 0889008888, 02949121, 0889008880, 00589834, 0889008885, 03211270, 0889008883, 00655361, 0863108631, 00655397, 0889008885, 03276808, 0888509222];[08890, 08890, 08890, 08890]
7;[0922309064, 04128769, 0889008885, 03211283, 0889008885, 03211267, 0889008884, 03145738, 0889008885, 03211269, 0889008886, 02621456, 0889008880, 01114127, 0889008886, 02621462, 0889008882, 01179658, 0889008889, 01310748, 0969809698, 00524300, 0889008880, 00589851, 0889008881, 00065558, 0835708361, 00065600, 0889009223];[08890, 08890, 08890, 08890, 08890, 08890]
8;[0922208601, 03145765, 0889008886, 02621441, 0889008880, 00589827, 0889008884, 03145734, 0889008429, 02687064, 0837808378, 02686979, 0874709024, 00917512, 0881208646, 00655390, 0889008881, 00065544, 0835708355, 00393230, 0839908361, 00065565, 0889008889, 01310773, 0929009290, 00524314, 0889008884, 03145756, 0889008885, 03276812, 0888509222];[08890, 08890, 08890, 08812, 08890, 08890, 08890, 08890]
9;[0922208884, 03145736, 0889008882, 01179667, 0824108241, 02818052, 0889008885, 03211274, 0889008880, 01114117, 0889008886, 02621449, 0889008886, 01048590, 0889008880, 01114124, 0889008886, 00458756, 0881208812, 00917586, 0936209362, 01638401, 0900309222];[08890, 08890, 08890]
10;[0922308333, 02293765, 0888708883, 02818061, 0889008880, 00589831, 0889008881, 00065541, 0835708361, 00065568, 0889008524, 02687041, 0886708521, 02490373, 0852409305, 01769473, 0889008888, 00458757, 0901909223];[08890, 08890]
11;[0922208881, 00065546, 0835708387, 01507335, 0835508355, 00393234, 0839908399, 00327690, 0839908399, 00327692, 0839909222];[]
12;[0885208886, 02621479, 0889008880, 01114114, 0889008884, 03145732, 0888708887, 00262149, 0882608826, 00262152, 0889008886, 02621450, 0889008880, 01114146, 0889008875, 02687025, 0884408844, 02424835, 0887208913, 02293774, 0909408852];[08890, 08890, 08890, 08890]
13;[0922308989, 01703937, 0889008886, 02621448, 0889008884, 03145768, 0889008880, 00589837, 0889008886, 02621458, 0889008880, 01114130, 0889008886, 02621465, 0889008880, 01114136, 0889008886, 02621471, 0889008882, 01179663, 0889008886, 01048611, 0889008886, 02621475, 0889009223];[08890, 08890, 08890, 08890, 08890, 08890, 08890, 08890, 08890]
14;[0910409712, 04653063, 0820809157, 01572866, 0910409104, 02293768, 0860309104];[]
15;[0881209062, 03276820, 0889008888, 06029313, 0856408562, 06029329, 0889008886, 01048588, 0889008888, 02949124, 0889008880, 00589838, 0889008885, 03211272, 0889008271, 00983048, 0862308812, 00917587, 0936209362, 00917588, 0911009110, 00917523, 0881208812];[08890, 08890, 08890, 08890, 08890]
16;[0922308706, 02621445, 0889008698, 01441801, 0889008889, 01310743, 0969809698, 00524293, 0889008880, 00589833, 0889008886, 01048591, 0889008880, 01114152, 0889008886, 02621459, 0889008886, 00458761, 0895108951, 00917537, 0881208826, 00262154, 0889008881, 00065597, 0835708354, 00851974, 0844408444, 00851998, 0831908320, 00851978, 0844409223];[08890, 08890, 08890, 08890, 08890, 08890]
17;[0922009220, 01966083, 0831908320, 00851981, 0844408444, 00851989, 0835408399, 00327685, 0839908569, 02686978, 0839008399, 00327686, 0839908390, 02687047, 0874708747, 01507332, 0839509289, 02687063, 0826508884, 03145766, 0889008885, 03276809, 0888509220];[08747]
18;[0891309140, 00065587, 0889009057, 03276802, 0888509064, 03276813, 0889008880, 00589832, 0889008844, 02687062, 0887508882, 03014669, 0889008888, 02949123, 0889008880, 00589836, 0889008882, 01179653, 0889008883, 02818054, 0889008883, 00655376, 0863108631, 00655372, 0889008881, 00065550, 0835708361, 00065578, 0889008881, 00720904, 0863208632, 00720918, 0889008880, 01114138, 0889008886, 02621455, 0889008884, 03145779, 0889008886, 01048614, 0889008886, 01048615, 0889008913];[08890, 08890, 08890, 08890, 08890, 08890, 08890, 08890, 08890, 08890]
19;[0922208881, 00065592, 0914009267, 02752513, 0889008884, 02883586, 0860309290, 00524308, 0889008884, 03145767, 0889008885, 03276805, 0888508888, 02949125, 0889008880, 00589868, 0889008882, 01179656, 0889008883, 02818056, 0889008882, 01179657, 0889008883, 02818057, 0889008881, 00065553, 0835708355, 00393219, 0839908399, 00327694, 0835708361, 00065584, 0889008889, 01310778, 0929009222];[08890, 08890, 08890, 08890, 08890, 08890]
20;[0922209044, 00458763, 0889009004, 00917509, 0895408957, 02097154, 0889008881, 00065547, 0835708361, 00065569, 0889008844, 02686997, 0887508882, 03014659, 0889008888, 06029316, 0856408562, 06029333, 0889008886, 01048594, 0889008888, 02949135, 0889008880, 00589844, 0889008867, 02686980, 0892208884, 03145752, 0889008885, 03276811, 0888509222];[08890, 08890, 08890, 08890, 08890, 08890, 08890]
21;[0922208889, 01310763, 0909609701, 01572865, 0889008881, 00065563, 0835708361, 00065566, 0889008889, 01310725, 0969809698, 00524309, 0889008880, 00589835, 0889008886, 02621446, 0889008882, 01179655, 0889008883, 02818055, 0889008884, 03145750, 0889008885, 03276810, 0888508888, 06029323, 0856408562, 06029340, 0889008889, 01310751, 0969809698, 00524303, 0889009375, 00262150, 0889008884, 03145762, 0889008385, 00786447, 0864709222];[08890, 08890, 08890, 08890, 08890, 08890, 08890, 08890]
22;[0922209222, 00655395, 0889008271, 00917505, 0895108951, 00917581, 0881208812, 00458770, 0889008875, 02687030, 0884408889, 01310771, 0929008399, 00327687, 0839908399, 00327688, 0839908358, 00262146, 0881408843, 00262151, 0920309375, 00262158, 0889008886, 02621460, 0889008888, 02949129, 0889008880, 00589848, 0889008885, 03211277, 0889008886, 01048609, 0889008880, 01114142, 0889009222];[08890, 08890, 08814]
23;[0922009220, 01966083, 0831908320, 00851981, 0844408444, 00851989, 0835408399, 00327685, 0839908569, 02686978, 0839008399, 00327686, 0839908392, 02687033, 0832308323, 02686986, 0839108422, 01900546, 0856908569, 00786441, 0864608646, 00786440, 0838509220];[08399]
24;[0838508698, 06029326, 0889008886, 01048577, 0889008881, 00065540, 0835708353, 02162694, 0889008886, 02621474, 0889008886, 01048589, 0889008882, 03014661, 0889008880, 01114128, 0889008385, 00786433, 0863208632, 00720910, 0889008884, 03145757, 0889008886, 01048606, 0889008361, 00065591, 0889008385];[08890, 08890, 08890, 08890, 08890, 08890, 08890]
25;[0922009220, 01966083, 0831908320, 00851981, 0844408444, 00851989, 0835408399, 00327685, 0839908569, 02686978, 0839008399, 00327686, 0839908390, 02687021, 0856908569, 01835009, 0907509290, 00524324, 0889008889, 01310756, 0969809698, 00524325, 0889008880, 00589845, 0889008886, 01048603, 0889008880, 01114137, 0889008886, 02621472, 0889008889, 01310752, 0969809698, 00524319, 0889008889, 01310740, 0969809698, 00524320, 0889009220];[08390, 08890, 08890, 08890, 08890, 08890, 08890]
26;[0922208888, 01441799, 0912909129, 03145746, 0889008882, 01179650, 0824108241, 02818062, 0889008883, 02818049, 0889008882, 01179666, 0889008883, 02818051, 0889008886, 02621454, 0889008867, 02162690, 0831908357, 0835708355, 00393225, 0835708208, 04653062, 0918909222];[08890, 08890, 08890, 08357, 09189]
27;[0922208884, 03145731, 0889008880, 01114116, 0889008885, 03276804, 0888508889, 01310755, 0969809698, 00524296, 0889008880, 00589839, 0889008886, 00458755, 0881209222];[08890, 08890]
28;[0922208889, 01310768, 0929009290, 00524306, 0889008271, 02883585, 0889008883, 03342337, 0969808396, 01507330, 0874708812, 00917569, 0902509024, 00917514, 0881209683, 03342343, 0876108569, 01835013, 0845309222];[08812, 08453]
29;[0922208458, 00655387, 0889008880, 00589825, 0889008880, 01114113, 0889008260, 00524326, 0889008546, 02424843, 0852108889, 04653057, 0938008309, 04653076, 0889008882, 03014658, 0889008883, 00655371, 0864608648, 02687059, 0865908922, 06488066, 0889008865, 02359298, 0889008890, 02490370, 0883908889, 01310775, 0929009290, 00524316, 0889008888, 06029324, 0856408562, 06029341, 0889008888, 06029325, 0856409222];[08890, 08890, 08890, 08890, 08890]
30;[0922009220, 01966083, 0831908320, 00851981, 0844408444, 00851989, 0835408399, 00327685, 0839908569, 02686978, 0839008399, 00327686, 0839908355, 00393218, 0835708354, 00851983, 0844408444, 00851992, 0835409220];[08355, 08357]
31;[0922208458, 00655373, 0889008886, 01048597, 0889008883, 00655384, 0864108568, 00655383, 0889008886, 01048586, 0889008880, 01114121, 0889008884, 03145769, 0889008885, 03276818, 0888509222];[08641]
32;[0910409104, 02293772, 0860308569, 02686993, 0839008399, 00327684, 0839908355, 00393232, 0835708361, 00065572, 0889008726, 01572875, 0877409190, 04653083, 0889008884, 03145751, 0889008886, 01048602, 0889008888, 02949131, 0889008880, 00589862, 0889008880, 01114141, 0889008886, 02621477, 0889008880, 00589857, 0889008889, 01310737, 0969809104];[08361, 08890, 08890, 08890, 08890, 08890, 08890, 08890]
33;[0838608399, 00327696, 0839908355, 00393235, 0836108355, 00393237, 0835708355, 00393217, 0835708355, 00393218, 0835708354, 00851983, 0844408444, 00851992, 0835408386];[08357, 08357]
34;[0922009220, 01966083, 0831908320, 00851981, 0844408444, 00851989, 0835408399, 00327685, 0839908569, 02686978, 0839008399, 00327686, 0839908390, 02687047, 0874708747, 01507332, 0839509289, 02687063, 0826508884, 03145766, 0889008885, 03276809, 0888508884, 03145775, 0889008883, 00655364, 0863108631, 00655392, 0889008881, 00720901, 0863208632, 00720913, 0914909148, 00720905, 0845909220];[08747]
35;[0922208889, 01310739, 0969809698, 00524322, 0889008883, 00655375, 0864609290, 00524310, 0889008888, 06029315, 0856408562, 06029332, 0889008886, 02621457, 0889008880, 01114122, 0889008880, 01114132, 0889008884, 03145755, 0889008271, 00917521, 0895108320, 00851973, 0844408812, 00917564, 0911009110, 00917532, 0881209222];[08890, 08890, 08890, 08890, 08890, 08812]
36;[0922308929, 01048617, 0889008881, 00065539, 0835708361, 00065567, 0889008886, 02621452, 0889008888, 00458759, 0827108603, 02031618, 0827108884, 03145780, 0889008271, 00917519, 0895108812, 00917559, 0827209362, 00917577, 0827209362, 00917578, 0827209223];[08890, 08890, 08812]
37;[0922009220, 01966083, 0831908320, 00851981, 0844408444, 00851989, 0835408399, 00327685, 0839908569, 02686978, 0839008399, 00327686, 0839908390, 02687047, 0874708747, 01507332, 0839509289, 02687063, 0826508884, 03145766, 0889008885, 03276809, 0888508888, 06029321, 0856408562, 06029338, 0889008888, 06029322, 0856408562, 06029339, 0889008884, 03145777, 0889008880, 00589854, 0889008880, 01114143, 0889008883, 00655369, 0927409220];[08747]
38;[0891608736, 00720906, 0889008886, 02621447, 0889008875, 02687042, 0891608888, 00458764, 0902408954, 01638404, 0900308777, 00720911, 0856708569, 01835010, 0864709683, 03342339, 0849908916];[08890, 08647]
39;[0922209222, 00655395, 0889008271, 00917505, 0895108951, 00917581, 0881208812, 00458770, 0889008875, 02687030, 0884408889, 01310771, 0929008399, 00327687, 0839908399, 00327688, 0839908358, 00262146, 0881408354, 00851969, 0844408444, 00851988, 0835408355, 00393236, 0839908361, 00065579, 0889008884, 03145776, 0889008883, 00655365, 0863108631, 00655393, 0889008884, 03145778, 0889008885, 03211279, 0889008880, 00589856, 0889008882, 01179665, 0889009222];[08890, 08890, 08354, 08890, 08890, 08890, 08890]
40;[0853309222, 00655396, 0889008887, 00262159, 0882608673, 04915202, 0899208562, 06029331, 0889008889, 01310765, 0908509085, 01310762, 0970009700, 00524312, 0889008913, 02293769, 0826008206, 01572871, 0821108533];[08890]
41;[0910409127, 01572868, 0910409104, 02293772, 0860308569, 02686993, 0839008399, 00327684, 0839908355, 00393232, 0835708361, 00065572, 0889008726, 01572875, 0877409190, 04653083, 0889008884, 03145751, 0889008886, 01048602, 0889008888, 02949131, 0889008880, 00589862, 0889008880, 01114141, 0889008886, 02621477, 0889008880, 00589857, 0889008889, 01310737, 0969809104];[08355, 08890, 08890, 08890, 08890, 08890, 08890, 08890]
42;[0873608570, 02687056, 0867508992, 03473421, 0899308399, 00327689, 0839908884, 03145747, 0889008886, 01048599, 0889008880, 01114135, 0889008886, 02621469, 0889008882, 01179662, 0889008736];[08884, 08890, 08890]
43;[0922209222, 00655395, 0889008271, 00917505, 0895108951, 00917581, 0881208812, 00458770, 0889008875, 02687030, 0884408889, 01310771, 0929008399, 00327687, 0839908399, 00327688, 0839908358, 00262146, 0881408884, 03145730, 0889008886, 01048598, 0889008880, 01114129, 0889008886, 02621467, 0889008881, 00065557, 0835708361, 00065588, 0889008444, 00851997, 0831908320, 00851975, 0844408568, 00786439, 0838509222];[08890, 08890, 08884, 08890, 08890, 08890]
44;[0891608736, 00720906, 0889008886, 02621447, 0889008875, 02687042, 0891608888, 00458764, 0902408954, 01638404, 0900308777, 00720911, 0856708569, 01835010, 0864708884, 02031620, 0857708916];[08890, 08647]
45;[0853309222, 00655396, 0889008887, 00262159, 0882608673, 04915202, 0899208562, 06029331, 0889008889, 01310765, 0908509085, 01310762, 0970009700, 00524312, 0889008913, 02293769, 0826008206, 01572871, 0821108884, 03145747, 0889008886, 01048599, 0889008880, 01114135, 0889008886, 02621469, 0889008882, 01179662, 0889008533];[08890, 08884, 08890, 08890]
46;[0921609005, 02031619, 0889008444, 00851985, 0831909216, 01835016, 0856908568, 00720921, 0863208632, 00720915, 0889008889, 01310770, 0929009290, 00524311, 0889008875, 02687051, 0891608881, 00065545, 0835708361, 00065574, 0889008888, 06029318, 0856408562, 06029335, 0889008884, 03145742, 0889008271, 00917522, 0881208812, 00917576, 0936209216];[08319]
47;[0922008996, 02097156, 0839209216, 01835016, 0856908568, 00720921, 0863208632, 00720915, 0889008889, 01310770, 0929009290, 00524311, 0889008875, 02687051, 0891608881, 00065545, 0835708361, 00065574, 0889008888, 06029318, 0856408562, 06029335, 0889008884, 03145742, 0889008271, 00917522, 0881208812, 00917576, 0936209220];[08569]
48;[0891608736, 00720906, 0889008886, 02621447, 0889008875, 02687042, 0891608888, 00458764, 0902408954, 01638404, 0900308777, 00720911, 0856708569, 01835010, 0864708889, 04653061, 0918908320, 00851977, 0844408444, 00851993, 0831908320, 00851972, 0844408916];[08890, 08647]
49;[0889008458, 00655373, 0889008886, 01048597, 0889008883, 00655384, 0864108888, 02162695, 0895408747, 02686988, 0837808378, 02686984, 0842908886, 02621451, 0889009190, 04653082, 0889008865, 02752514, 0889008992, 03473414, 0899308890];[08641]
50;[0922208889, 01310768, 0929009290, 00524306, 0889008271, 02883585, 0889008883, 03342337, 0969808396, 01507330, 0874708812, 00917569, 0902509024, 00917514, 0881209683, 03342343, 0876108569, 01835013, 0845308884, 03145747, 0889008886, 01048599, 0889008880, 01114135, 0889008886, 02621469, 0889008882, 01179662, 0889009222];[08812, 08453]
51;[0922209701, 00524305, 0889009140, 03866626, 0889008880, 00589859, 0889008880, 01114115, 0889008888, 02555916, 0891308890, 0889008883, 00655378, 0863108631, 00655391, 0845808884, 03145733, 0889008880, 00589828, 0889008886, 01048601, 0889008880, 01114134, 0889008882, 03014673, 0889008886, 01048607, 0889008881, 00065599, 0835709222];[08890, 08890, 08890, 08890, 08890]
52;[0922208884, 03145744, 0889008886, 02621443, 0889008429, 02687068, 0837808570, 02687056, 0867508992, 03473421, 0899308399, 00327689, 0839909222];[08890, 08890, 08399]
53;[0922208444, 00851984, 0835408361, 00065582, 0889008533, 03276801, 0888508889, 01310772, 0929009104, 02293764, 0889008884, 03145773, 0889008883, 00655401, 0865708657, 00655402, 0863108631, 00655380, 0889008889, 01310776, 0929009290, 00524317, 0889009222];[08890, 08890, 08890]
54;[0922208458, 00655373, 0889008886, 01048597, 0889008883, 00655384, 0864109220, 01966083, 0831908320, 00851981, 0844408444, 00851989, 0835408399, 00327685, 0839908569, 02686978, 0839008399, 00327686, 0839908390, 02687047, 0874708747, 01507332, 0839509289, 02687063, 0826508884, 03145766, 0889008885, 03276809, 0888509222];[08641]
55;[0892208880, 01114133, 0889008880, 00589826, 0889008882, 01179654, 0824108241, 02818063, 0889009048, 00917535, 0827208272, 01638402, 0833608521, 02490369, 0853308524, 02424839, 0889008881, 00065548, 0835708361, 00065577, 0889008889, 01310774, 0929009698, 00524299, 0889009190, 04653089, 0820808922];[08890, 08890, 08890, 08890]
56;[0922208889, 04653061, 0918908320, 00851977, 0844408444, 00851993, 0831908320, 00851972, 0844408881, 00065556, 0835708355, 00393228, 0835708355, 00393229, 0836109222];[08444]
57;[0922208881, 00065546, 0835708387, 01507335, 0835508355, 00393234, 0839908399, 00327690, 0839908399, 00327692, 0839908881, 00065556, 0835708355, 00393228, 0835708355, 00393229, 0836109222];[08881, 08357, 08357]
58;[0891308624, 00983045, 0827208624, 02228227, 0889008888, 02555910, 0891308872, 02424838, 0884408890, 0889008884, 03145741, 0889008886, 01048595, 0889008884, 03145748, 0889008886, 01048600, 0889008888, 02949137, 0889008880, 00589850, 0889008885, 03211278, 0889008886, 01048610, 0889008886, 01048612, 0889008880, 00589860, 0889008913];[08890, 08890, 08890, 08890, 08890, 08890, 08890, 08890]
59;[0835308624, 00983044, 0827208889, 01310742, 0826008702, 02162691, 0838608357, 0835708355, 00393233, 0835708355, 00393222, 0835708353];[08357]
60;[0835308628, 02097158, 0838608808, 01638405, 0870809683, 03342339, 0849908353];[08499]
61;[0891308320, 00851979, 0844408444, 00851986, 0835408361, 00065537, 0889008888, 02555914, 0891308685, 01441795, 0869708890, 0889008913, 02424834, 0885208844, 02424840, 0887208913];[08890]
62;[0910408568, 00786437, 0835808882, 01179649, 0824108241, 02818064, 0889008470, 02555909, 0889008881, 00065593, 0835708736, 02686985, 0857009104, 02293762, 0913208332, 01572869, 0910409104];[08890]
63;[0922008996, 02097156, 0839208888, 00458754, 0895309220];[08953]
64;[0922209123, 01441800, 0891308890, 0889008881, 00720898, 0865808658, 00720902, 0845908889, 01310753, 0970009700, 00524297, 0889008883, 00655362, 0863108631, 00655381, 0889008885, 03276816, 0888509222];[08890, 08890]
65;[0838608525, 02097157, 0842908429, 01638403, 0901809018, 02752515, 0889008888, 06029319, 0856408562, 06029344, 0889008888, 06029320, 0856408562, 06029337, 0889008881, 00065554, 0835708361, 00065583, 0889008444, 00851995, 0831908386];[08890, 08890]
66;[0891308259, 01835022, 0886508913, 06356993, 0833208334, 02752517, 0847908913];[08479]
67;[0873609712, 04653063, 0820809157, 01572866, 0910409104, 02293768, 0860308570, 02687056, 0867508992, 03473421, 0899308399, 00327689, 0839908884, 03145747, 0889008886, 01048599, 0889008880, 01114135, 0889008886, 02621469, 0889008882, 01179662, 0889008736];[08208]
68;[0922208889, 01310767, 0929009290, 00524327, 0889008758, 02293761, 0872608888, 02949133, 0889008880, 00589842, 0889008885, 03211268, 0889008271, 00983043, 0862309704, 04653071, 0918909222];[08890, 08890, 08890]
69;[0826008880, 00589841, 0889008883, 00655403, 0864608646, 00655389, 0889008885, 03211282, 0889008212, 02293763, 0820608881, 00065575, 0835708361, 00065576, 0889008889, 01310745, 0969809698, 00524298, 0889008880, 00589847, 0889008886, 01048605, 0889008882, 03014674, 0889008886, 01048608, 0889008646, 00655399, 0889008260];[08890, 08890, 08890, 08890, 08890, 08890, 08890]
70;[0873608450, 01966085, 0838608981, 01835017, 0856908884, 02031620, 0857708736];[08577]
71;[0873609140, 00065561, 0889008970, 01441797, 0889008881, 01835019, 0856908736, 01835021, 0856908570, 02687056, 0867508992, 03473421, 0899308399, 00327689, 0839908884, 03145747, 0889008886, 01048599, 0889008880, 01114135, 0889008886, 02621469, 0889008882, 01179662, 0889008736];[08675]
72;[0838609127, 01572868, 0910408429, 02228229, 0847908812, 00458766, 0895309290, 00524313, 0889008884, 03145749, 0889008880, 00589849, 0889008882, 01179660, 0889008880, 01114140, 0889008886, 01048613, 0889008886, 02621463, 0889008386];[08812, 08890, 08890, 08890, 08890, 08890, 08890]
73;[0922209712, 04653063, 0820809157, 01572866, 0910409104, 02293768, 0860308888, 00458754, 0895309683, 03342339, 0849909222];[08208]
74;[0922209712, 04653063, 0820809157, 01572866, 0910409104, 02293768, 0860308884, 03145745, 0889008886, 01048596, 0889008882, 03014671, 0889008882, 03014672, 0889008882, 03014666, 0889008889, 01310777, 0929009290, 00524318, 0889009222];[08208]
75;[0922308313, 02621478, 0889008887, 00262147, 0920309375, 00262160, 0889008886, 02621444, 0889008264, 02293766, 0909008884, 03145745, 0889008886, 01048596, 0889008882, 03014671, 0889008882, 03014672, 0889008882, 03014666, 0889008889, 01310777, 0929009290, 00524318, 0889009223];[08890, 08884, 08890, 08890, 08890, 08890]
76;[0910409712, 04653063, 0820809157, 01572866, 0910409104, 02293768, 0860308881, 00065546, 0835708387, 01507335, 0835508355, 00393234, 0839908399, 00327690, 0839908399, 00327692, 0839909104];[08208]
77;[0922308313, 02621478, 0889008887, 00262147, 0920309375, 00262160, 0889008886, 02621444, 0889008264, 02293766, 0909008881, 00065546, 0835708387, 01507335, 0835508355, 00393234, 0839908399, 00327690, 0839908399, 00327692, 0839909223];[08890, 08881]
78;[0922308313, 02621478, 0889008887, 00262147, 0920309375, 00262160, 0889008886, 02621444, 0889008264, 02293766, 0909008570, 02687056, 0867508992, 03473421, 0899308399, 00327689, 0839908884, 03145747, 0889008886, 01048599, 0889008880, 01114135, 0889008886, 02621469, 0889008882, 01179662, 0889009223];[08890, 08570, 08884, 08890, 08890]
