$DEPOT:ID;capacity
00001;66
08208;2
08569;14
$INITIALSTOPPOINT:ID;isLoadingstation;frequency
08208;false;0
08569;false;0
08206;false;0
08207;false;0
08567;false;0
08568;false;0
08323;false;0
08444;false;0
08564;true;1
08685;false;0
08320;false;0
08562;false;0
09096;true;5
09094;false;0
09090;false;0
08319;false;0
08556;false;0
08675;false;0
08313;false;0
08673;false;0
08674;false;0
09085;false;0
08459;false;0
08218;false;0
09305;false;0
08336;false;0
08458;false;0
08697;false;0
08334;false;0
08698;false;0
08577;false;0
08211;false;0
08453;false;0
08332;false;0
08333;false;0
08212;false;0
08570;false;0
08450;false;0
00001;false;0
08648;false;0
08646;false;0
08525;false;0
08888;false;0
08647;false;0
08889;false;0
08886;false;0
08524;false;0
08887;false;0
08884;true;15
08642;false;0
08521;false;0
08885;false;0
08761;false;0
08882;false;0
08883;false;0
08641;false;0
08880;true;2
09057;false;0
08881;false;0
09054;false;0
09290;true;14
08639;false;0
08758;false;0
08759;false;0
08875;false;0
08996;false;0
08631;false;0
08632;false;0
08992;false;0
09048;false;0
09289;false;0
08993;false;0
08872;false;0
09044;false;0
08309;false;0
08429;false;0
08547;false;0
08546;false;0
08422;false;0
09075;false;0
09190;false;0
08659;false;0
08657;false;0
00016;false;0
08658;false;0
08534;false;0
08777;false;0
08774;false;0
08533;false;0
09069;false;0
08652;false;0
08773;false;0
09189;false;0
08890;true;209
09064;false;0
09062;false;0
08726;false;0
08844;false;0
08603;false;0
09019;false;0
09018;false;0
09139;false;0
08843;false;0
08601;false;0
08840;false;0
09379;false;0
09375;false;0
09132;false;0
08839;false;0
08957;false;0
08954;false;0
09129;false;0
08953;false;0
09127;false;0
09005;false;0
08951;false;0
09004;false;0
08399;false;0
09003;false;0
09124;false;0
08396;false;0
09123;false;0
09362;false;0
08395;false;0
08271;false;0
08392;false;0
08393;false;0
08272;false;0
08390;false;0
08391;false;0
08628;false;0
08507;false;0
08629;false;0
08747;false;0
08989;false;0
08506;false;0
08745;false;0
08866;false;0
08624;false;0
08867;false;0
09712;false;0
08865;false;0
08623;true;2
08983;false;0
08981;false;0
09157;false;0
09274;false;0
09708;false;0
08736;false;0
09705;false;0
09704;false;0
08613;false;0
09701;false;0
09700;false;0
09149;false;0
09148;false;0
08852;false;0
08970;false;0
09267;false;0
09025;false;0
09024;false;0
09144;false;0
08296;false;0
09021;false;0
09140;false;0
09380;false;0
08808;false;0
08929;false;0
08922;false;0
09216;false;0
09698;false;0
08361;false;0
08241;false;0
08362;false;0
08916;false;0
08913;false;0
08358;false;0
08479;false;0
08356;false;0
08357;false;0
09203;false;0
08354;false;0
08355;false;0
09683;false;0
08353;false;0
08470;false;0
08708;false;0
08826;false;0
08706;false;0
08702;false;0
08387;false;0
08385;false;0
08264;false;0
08386;false;0
08265;false;0
09110;true;1
08260;false;0
08814;false;0
09109;false;0
08812;false;0
08259;false;0
08378;false;0
08499;false;0
09104;false;0
09223;false;0
09222;false;0
09220;false;0
$Umlauf:ID;Fahrten;;;;;;;;
0;[0856908569, 00786441, 0864608646, 00786440, 0838508884, 03145748, 0889008880, 01114132, 0889008884, 03145754, 0889008569];[08890]
1;[0000108884, 03145754, 0889008882, 03014666, 0889008886, 01048605, 0889000001];[08890]
2;[0856908569, 00786441, 0864608646, 00786440, 0838508884, 03145748, 0889008880, 01114132, 0889008885, 03276810, 0888508884, 03145757, 0889008569];[08890]
3;[0000108890, 0889008885, 03276810, 0888508884, 03145757, 0889008880, 01114138, 0889000001];[08890, 08890]
4;[0000108884, 03145754, 0889008885, 03276811, 0888508882, 03014673, 0889000001];[08890]
5;[0000108884, 03145754, 0889008881, 00720908, 0863208632, 00720914, 0889000001];[08890]
6;[0000108880, 01114135, 0889008880, 00589850, 0889008444, 00851996, 0835408361, 00065588, 0889000001];[08890]
7;[0856908569, 00786441, 0864608646, 00786440, 0838508884, 03145748, 0889008880, 01114132, 0889008882, 03014672, 0889008886, 02621467, 0889008880, 01114138, 0889008569];[08890]
8;[0000108880, 01114135, 0889008889, 01310749, 0969809698, 00524301, 0889008888, 02949138, 0889008886, 02621472, 0889000001];[08890]
9;[0000108890, 0889008887, 00262147, 0920308890, 0889008624, 00983045, 0827208624, 02228227, 0889008888, 02555914, 0891308685, 01441795, 0869708726, 02687067, 0887508890, 0889008882, 03014669, 0889008886, 01048587, 0889008916, 02687028, 0887508890, 0889008885, 03276805, 0888508888, 00458759, 0827108648, 02687059, 0865908890, 0889008458, 00655382, 0889008890, 02490370, 0883908890, 0889008880, 01114122, 0889008881, 00065550, 0835708890, 0889008889, 01310764, 0908509085, 01310766, 0969809698, 00524299, 0889008888, 02949137, 0889008886, 02621468, 0889000001];[08890, 08890, 08890, 08890, 08890, 08890, 08890, 08890]
10;[0000108890, 0889008887, 00262147, 0920308890, 0889008624, 00983045, 0827208624, 02228227, 0889008888, 02555914, 0891308685, 01441795, 0869708726, 02687067, 0887508890, 0889008882, 03014669, 0889008886, 01048587, 0889008916, 02687028, 0887508890, 0889008885, 03276805, 0888508888, 00458759, 0827108648, 02687059, 0865908890, 0889008458, 00655382, 0889008890, 02490370, 0883908890, 0889008880, 01114122, 0889008881, 00065550, 0835708890, 0889008889, 01310764, 0908509085, 01310766, 0969809698, 00524299, 0889008884, 03145756, 0889000001];[08890, 08890, 08890, 08890, 08890, 08890, 08890, 08890]
11;[0000108885, 03211282, 0889008888, 02555910, 0891308889, 06553602, 0892208890, 0889008916, 02687001, 0887508886, 01048586, 0889008881, 00065541, 0835708890, 0889008884, 03145769, 0889008875, 02687025, 0884408889, 01310772, 0929009290, 00524324, 0889008888, 06029318, 0856408812, 00458766, 0895308880, 00589844, 0889008867, 02686980, 0892208826, 00262154, 0889000001];[08890, 08890, 09290]
12;[0000108890, 0889008885, 03276815, 0888508884, 03145779, 0889008889, 01310740, 0969809698, 00524320, 0889008880, 00589860, 0889000001];[08890, 08890]
13;[0000108890, 0889008887, 00262147, 0920308890, 0889008624, 00983045, 0827208624, 02228227, 0889008888, 02555914, 0891308685, 01441795, 0869708726, 02687067, 0887508890, 0889008882, 03014669, 0889008886, 01048587, 0889008916, 02687028, 0887508890, 0889008885, 03276805, 0888508888, 00458759, 0827108648, 02687059, 0865908890, 0889008458, 00655382, 0889008890, 02490370, 0883908890, 0889008880, 01114122, 0889008881, 00065550, 0835708890, 0889008889, 01310764, 0908509085, 01310766, 0969809698, 00524299, 0889008880, 01114138, 0889008885, 03276815, 0888508884, 03145779, 0889000001];[08890, 08890, 08890, 08890, 08890, 08890, 08890, 08890, 08890]
14;[0000109222, 00655395, 0889008758, 02293761, 0872608890, 0889008889, 01310725, 0969809698, 00524309, 0889008889, 01310765, 0908509085, 01310762, 0970009700, 00524312, 0889008865, 02752514, 0889008881, 00065575, 0835708361, 00065576, 0889000001];[08890, 08890, 08890]
15;[0000109290, 00524324, 0889008888, 06029318, 0856408812, 00458766, 0895308890, 0889008880, 00589844, 0889008867, 02686980, 0892208826, 00262154, 0889008885, 03276810, 0888508884, 03145757, 0889008882, 01179660, 0889008889, 01310778, 0929000001];[08890, 08890]
16;[0856908568, 00655383, 0889008885, 03211267, 0889008378, 02686984, 0842908361, 00065569, 0889008888, 02949123, 0889008886, 02621453, 0889008885, 03276818, 0888508884, 03145730, 0889008569];[08890]
17;[0000108888, 02949137, 0889008886, 02621468, 0889008888, 02949138, 0889008886, 02621472, 0889000001];[08890]
18;[0000108890, 0889008889, 01310768, 0929009290, 00524306, 0889008882, 01179649, 0824108241, 02818064, 0889008470, 02555909, 0889008951, 00917581, 0881208812, 00458770, 0889008524, 02687014, 0886708890, 0889008884, 03145739, 0889008885, 03211270, 0889008886, 01048594, 0889008271, 00983041, 0862308886, 01048599, 0889008881, 00065552, 0835708361, 00065579, 0889008888, 02949137, 0889008886, 02621468, 0889000001];[08890, 08890, 08890, 08890]
19;[0000109290, 00524324, 0889008888, 06029318, 0856408812, 00458766, 0895308890, 0889008880, 00589844, 0889008867, 02686980, 0892208826, 00262154, 0889008888, 02949137, 0889008886, 02621468, 0889000001];[08890, 08890]
20;[0000108890, 0889008889, 01310768, 0929009290, 00524306, 0889008882, 01179649, 0824108241, 02818064, 0889008470, 02555909, 0889008951, 00917581, 0881208812, 00458770, 0889008524, 02687014, 0886708890, 0889008884, 03145739, 0889008885, 03211270, 0889008885, 03276818, 0888508884, 03145730, 0889000001];[08890, 08890, 08890, 08890]
21;[0000108890, 0889008889, 01310768, 0929009290, 00524306, 0889008882, 01179649, 0824108241, 02818064, 0889008470, 02555909, 0889008951, 00917581, 0881208812, 00458770, 0889008524, 02687014, 0886708890, 0889008884, 03145739, 0889008885, 03211270, 0889008886, 01048595, 0889008881, 00065549, 0835708890, 0889008385, 00786433, 0863208632, 00720910, 0889008886, 01048603, 0889008881, 00065556, 0835708890, 0889008884, 03145777, 0889008884, 03145778, 0889000001];[08890, 08890, 08890, 08890, 08890, 08890, 08890]
22;[0000109044, 00458763, 0889009290, 0929008353, 02162694, 0889008886, 02621474, 0889008844, 02686997, 0887508886, 01048590, 0889008881, 00065544, 0835708890, 0889008884, 03145790, 0889008885, 03276819, 0888508890, 0889008884, 03145773, 0889008885, 03211268, 0889008884, 03145756, 0889000001];[08890, 09290, 08890, 08890, 08890, 08890]
23;[0856908568, 00655383, 0889008885, 03211267, 0889008378, 02686984, 0842908361, 00065569, 0889008888, 02949123, 0889008886, 02621453, 0889008844, 02424835, 0887208913, 02293769, 0826008206, 01572871, 0821108569];[08890]
24;[0856908569, 00786441, 0864608646, 00786440, 0838508884, 03145748, 0889008880, 01114132, 0889008880, 01114135, 0889008888, 02949138, 0889008886, 02621472, 0889008569];[08890]
25;[0000108890, 0889008844, 02424835, 0887208913, 02293769, 0826008206, 01572871, 0821109290, 00524314, 0889008880, 00589847, 0889008889, 01310777, 0929009290, 00524318, 0889008888, 06029325, 0856408444, 00851998, 0831900001];[08890, 09290, 08890, 09290]
26;[0000109048, 00458767, 0889008885, 02490372, 0852408534, 02424837, 0852108880, 00589831, 0889008632, 00720909, 0889008885, 03276806, 0888508429, 02424841, 0854708890, 0889008883, 02818056, 0889008883, 00655401, 0865708657, 00655402, 0863108631, 00655380, 0889008882, 03014666, 0889008886, 01048605, 0889000001];[08890, 08890, 08890]
27;[0000108929, 01048617, 0889008881, 00065539, 0835708361, 00065566, 0889008886, 01048591, 0889008271, 00983049, 0862308890, 0889008883, 02818054, 0889008883, 00655376, 0863108890, 0889008888, 02949136, 0889008886, 02621464, 0889009362, 00917578, 0827208884, 03145760, 0889008883, 00655367, 0863908890, 0889008886, 02621477, 0889008889, 01310736, 0969809698, 00524321, 0889000001];[08890, 08890, 08890, 08890, 08890, 08890]
28;[0856908568, 00655383, 0889008885, 03211267, 0889008378, 02686984, 0842908361, 00065569, 0889008888, 02949123, 0889008886, 02621453, 0889008886, 01048593, 0889008429, 02228229, 0847908886, 02621462, 0889008886, 00458761, 0895108951, 00917537, 0881208812, 00917559, 0827208361, 00065598, 0889009148, 00720905, 0845908886, 02621455, 0889009375, 00262150, 0889008569];[08890]
29;[0000108890, 0889008889, 01310768, 0929009290, 00524306, 0889008882, 01179649, 0824108241, 02818064, 0889008470, 02555909, 0889008951, 00917581, 0881208812, 00458770, 0889008524, 02687014, 0886708890, 0889008884, 03145739, 0889008885, 03211270, 0889008880, 01114126, 0889008882, 03014662, 0889008886, 01048579, 0889008880, 01114135, 0889008881, 00720908, 0863208632, 00720914, 0889008888, 02949138, 0889008886, 02621472, 0889000001];[08890, 08890, 08890, 08890, 08890]
30;[0000109290, 0929008556, 06029330, 0889008880, 00589830, 0889008884, 03145745, 0889009290, 0929009375, 00262158, 0889008886, 02621460, 0889000001];[09290, 08890, 08890, 09290, 08890]
31;[0000108840, 03211281, 0889008881, 00065592, 0914008773, 01769474, 0889008444, 00851985, 0831908564, 0856408562, 06029331, 0889008880, 00589843, 0889008886, 02621446, 0889008883, 01769475, 0850700001];[08564, 08890]
32;[0000108884, 03145754, 0889008880, 00589850, 0889008444, 00851996, 0835408361, 00065588, 0889008444, 00851997, 0831908880, 00589855, 0889008882, 03670018, 0914009140, 00065589, 0889008272, 05701634, 0889008883, 00655369, 0927400001];[08890, 08890]
33;[0000109085, 00524291, 0889009127, 01572868, 0910409104, 02293772, 0860308533, 03276801, 0888508884, 03145767, 0889008875, 02687030, 0884408888, 00458764, 0902408524, 02687041, 0886708883, 00655378, 0863108631, 00655391, 0845808865, 02359298, 0889008887, 05701633, 0911000001];[08890]
34;[0000108890, 0889008885, 03276810, 0888508884, 03145757, 0889008882, 01179660, 0889008889, 01310778, 0929008444, 00851997, 0831908880, 00589855, 0889008882, 03670018, 0914009140, 00065589, 0889008272, 05701634, 0889008883, 00655369, 0927400001];[08890, 08890]
35;[0856908568, 00655383, 0889008885, 03211267, 0889008378, 02686984, 0842908361, 00065569, 0889008888, 02949123, 0889008886, 02621453, 0889008888, 02949125, 0889008886, 02621457, 0889008884, 03145754, 0889008889, 01310749, 0969809698, 00524301, 0889008569];[08890]
36;[0000109222, 00655395, 0889008758, 02293761, 0872608890, 0889008889, 01310725, 0969809698, 00524309, 0889008889, 01310765, 0908509085, 01310762, 0970009700, 00524312, 0889008865, 02752514, 0889008881, 00065575, 0835708361, 00065576, 0889008884, 03145754, 0889008889, 01310777, 0929009290, 00524318, 0889008888, 06029325, 0856408444, 00851998, 0831900001];[08890, 08890, 08890]
37;[0856908568, 00655383, 0889008885, 03211267, 0889008378, 02686984, 0842908361, 00065569, 0889008888, 02949123, 0889008886, 02621453, 0889008888, 02949125, 0889008886, 02621457, 0889008880, 01114135, 0889008881, 00720908, 0863208632, 00720914, 0889008569];[08890]
38;[0856908568, 00655383, 0889008885, 03211267, 0889008378, 02686984, 0842908361, 00065569, 0889008888, 02949123, 0889008886, 02621453, 0889008888, 02949125, 0889008886, 02621457, 0889008885, 03276810, 0888508884, 03145757, 0889008882, 01179660, 0889008889, 01310778, 0929008569];[08890]
39;[0856908568, 00655383, 0889008885, 03211267, 0889008378, 02686984, 0842908361, 00065569, 0889008888, 02949123, 0889008886, 02621453, 0889008888, 02949125, 0889008886, 02621457, 0889008881, 00720904, 0863208632, 00720918, 0889008889, 01310777, 0929009290, 00524318, 0889008888, 06029325, 0856408444, 00851998, 0831908569];[08890]
40;[0000108890, 0889008889, 01310763, 0909609701, 00524294, 0889008399, 00327681, 0839908568, 00655383, 0889008885, 03211267, 0889008378, 02686984, 0842908361, 00065569, 0889008888, 02949123, 0889008886, 02621453, 0889008885, 03276818, 0888508884, 03145730, 0889000001];[08890, 09096]
41;[0000108613, 03145743, 0889008884, 03145732, 0888708887, 00262149, 0882608826, 00262152, 0889008603, 02031618, 0827108886, 02621459, 0889008884, 03145754, 0889000001];[08890, 08890]
42;[0000109222, 00655395, 0889008758, 02293761, 0872608890, 0889008889, 01310725, 0969809698, 00524309, 0889008889, 01310765, 0908509085, 01310762, 0970009700, 00524312, 0889008865, 02752514, 0889008881, 00065575, 0835708361, 00065576, 0889008881, 00720904, 0863208632, 00720918, 0889008880, 00589851, 0889008883, 00655366, 0863108458, 00655398, 0889008886, 01048613, 0889000001];[08890, 08890, 08890]
43;[0000109085, 00524291, 0889008568, 00655383, 0889008885, 03211267, 0889008378, 02686984, 0842908361, 00065569, 0889008888, 02949123, 0889008886, 02621453, 0889008885, 03276818, 0888508884, 03145730, 0889000001];[08890]
44;[0000108890, 0889009057, 03276802, 0888508886, 02621443, 0889008568, 00655383, 0889008885, 03211267, 0889008378, 02686984, 0842908361, 00065569, 0889008888, 02949123, 0889008886, 02621453, 0889008885, 03276818, 0888508884, 03145730, 0889000001];[08890, 08890]
45;[0000109222, 00655395, 0889008758, 02293761, 0872608890, 0889008889, 01310725, 0969809698, 00524309, 0889008889, 01310765, 0908509085, 01310762, 0970009700, 00524312, 0889008865, 02752514, 0889008881, 00065575, 0835708361, 00065576, 0889008882, 01179660, 0889008889, 01310778, 0929008320, 00851975, 0844408883, 00655368, 0864608646, 00655399, 0889008884, 03145763, 0889000001];[08890, 08890, 08890]
46;[0000109379, 00458771, 0889008354, 00851983, 0844408444, 00851992, 0835408354, 00851969, 0844408890, 0889008889, 01310745, 0969809698, 00524298, 0889008881, 00720904, 0863208632, 00720918, 0889008631, 00655393, 0889008884, 03145761, 0889008887, 00262148, 0920308890, 0889008886, 01048612, 0889008385, 00786447, 0864700001];[08890, 08890, 08890, 08890, 08890, 08890]
47;[0000109085, 00524291, 0889009127, 01572868, 0910409104, 02293772, 0860308533, 03276801, 0888508884, 03145767, 0889008875, 02687030, 0884408888, 00458764, 0902408524, 02687041, 0886708883, 00655378, 0863108631, 00655391, 0845808865, 02359298, 0889008887, 05701633, 0911008884, 03145754, 0889008880, 00589850, 0889008444, 00851996, 0835408361, 00065588, 0889008444, 00851997, 0831908880, 00589855, 0889008882, 03670018, 0914009140, 00065589, 0889008272, 05701634, 0889008883, 00655369, 0927400001];[08890]
48;[0000108890, 0889008889, 01310763, 0909609701, 00524294, 0889008399, 00327681, 0839909190, 04653075, 0970508812, 00917549, 0911009110, 05701636, 0889008271, 00983048, 0862308882, 01179657, 0889008883, 02818057, 0889008883, 00655363, 0863108889, 01310776, 0929009290, 00524317, 0889008888, 06029324, 0856408444, 00851997, 0831908880, 00589855, 0889008882, 03670018, 0914009140, 00065589, 0889008272, 05701634, 0889008883, 00655369, 0927400001];[08890, 09096]
49;[0820808207, 04653091, 0970808812, 00917549, 0911009110, 05701636, 0889008271, 00983048, 0862308882, 01179657, 0889008883, 02818057, 0889008883, 00655363, 0863108889, 01310776, 0929009290, 00524317, 0889008888, 06029324, 0856408444, 00851997, 0831908880, 00589855, 0889008882, 03670018, 0914009140, 00065589, 0889008272, 05701634, 0889008883, 00655369, 0927408208];[09110]
50;[0000108525, 02097157, 0842908883, 02818061, 0889008844, 02687062, 0887508890, 0889008883, 00655375, 0864608646, 00655379, 0889008867, 02687002, 0891608890, 0889008883, 02818051, 0889008882, 01179651, 0889008883, 02818050, 0889008429, 02687017, 0837808890, 0889008880, 01114124, 0889008726, 01572875, 0877408890, 0889008886, 02621458, 0889008889, 01310773, 0929008812, 00917587, 0936209362, 00917588, 0911009110, 00917524, 0827108271, 00917522, 0881209290, 0929008884, 03145762, 0889008886, 01048615, 0889000001];[08890, 08890, 08890, 08890, 09290, 09290, 08890]
51;[0000109085, 00524291, 0889008568, 00655383, 0889008885, 03211267, 0889008378, 02686984, 0842908361, 00065569, 0889008888, 02949123, 0889008886, 02621453, 0889008844, 02424835, 0887208913, 02293769, 0826008206, 01572871, 0821100001];[08890]
52;[0000108886, 01048618, 0889008698, 01441801, 0889008569, 01835010, 0864708913, 02293774, 0909409290, 0929009683, 03342342, 0889008884, 03145742, 0889008880, 01114135, 0889008880, 00589851, 0889008883, 00655366, 0863108890, 0889008458, 00655398, 0889008886, 01048613, 0889000001];[08890, 09290, 08890, 08890, 08890]
53;[0000108890, 0889009057, 03276802, 0888508886, 02621443, 0889008568, 00655383, 0889008885, 03211267, 0889008378, 02686984, 0842908361, 00065569, 0889008888, 02949123, 0889008886, 02621453, 0889008844, 02424835, 0887208913, 02293769, 0826008206, 01572871, 0821100001];[08890, 08890]
54;[0000108890, 0889008889, 01310763, 0909609701, 00524294, 0889008399, 00327681, 0839908812, 00917549, 0911009110, 05701636, 0889008271, 00983048, 0862308882, 01179657, 0889008883, 02818057, 0889008883, 00655363, 0863108889, 01310776, 0929009290, 00524317, 0889008888, 06029324, 0856408444, 00851997, 0831908880, 00589855, 0889008882, 03670018, 0914009140, 00065589, 0889008272, 05701634, 0889008883, 00655369, 0927400001];[08890, 09096]
55;[0000108890, 0889008889, 01310763, 0909609701, 00524294, 0889008399, 00327681, 0839908736, 00720906, 0889008881, 01835019, 0856908812, 00917549, 0911009110, 05701636, 0889008271, 00983048, 0862308882, 01179657, 0889008883, 02818057, 0889008883, 00655363, 0863108889, 01310776, 0929009290, 00524317, 0889008888, 06029324, 0856408444, 00851997, 0831908880, 00589855, 0889008882, 03670018, 0914009140, 00065589, 0889008272, 05701634, 0889008883, 00655369, 0927400001];[08890, 09096]
56;[0000108458, 00655387, 0889008883, 00655403, 0864608646, 00655389, 0889008883, 00655370, 0850708506, 00655400, 0889008260, 00524290, 0889008812, 00917549, 0911009110, 05701636, 0889008271, 00983048, 0862308882, 01179657, 0889008883, 02818057, 0889008883, 00655363, 0863108889, 01310776, 0929009290, 00524317, 0889008888, 06029324, 0856408444, 00851997, 0831908880, 00589855, 0889008882, 03670018, 0914009140, 00065589, 0889008272, 05701634, 0889008883, 00655369, 0927400001];[08890, 08890, 08623]
57;[0000109085, 00524291, 0889008812, 00917549, 0911009110, 05701636, 0889008271, 00983048, 0862308882, 01179657, 0889008883, 02818057, 0889008883, 00655363, 0863108889, 01310776, 0929009290, 00524317, 0889008888, 06029324, 0856408444, 00851997, 0831908880, 00589855, 0889008882, 03670018, 0914009140, 00065589, 0889008272, 05701634, 0889008883, 00655369, 0927400001];[08890, 08623]
58;[0000109290, 00524304, 0889008889, 01310768, 0929009290, 00524306, 0889008882, 01179649, 0824108241, 02818064, 0889008470, 02555909, 0889008884, 03145752, 0889008884, 03145756, 0889000001];[09290, 08890]
59;[0000108885, 03211282, 0889008888, 02555910, 0891308889, 06553602, 0892208890, 0889008916, 02687001, 0887508886, 01048586, 0889008881, 00065541, 0835708890, 0889008884, 03145769, 0889008875, 02687025, 0884408889, 01310772, 0929008880, 00589851, 0889008883, 00655366, 0863108890, 0889008458, 00655398, 0889008886, 01048613, 0889008883, 00655369, 0927400001];[08890, 08890, 08880, 08890, 08890]
60;[0000108884, 03145736, 0889008889, 01310768, 0929009290, 00524306, 0889008882, 01179649, 0824108241, 02818064, 0889008470, 02555909, 0889008884, 03145754, 0889008889, 01310777, 0929009290, 00524318, 0889008888, 06029325, 0856408444, 00851998, 0831900001];[08890, 08890, 08890, 09290]
61;[0000108885, 03211282, 0889008888, 02555910, 0891308889, 06553602, 0892208890, 0889008916, 02687001, 0887508886, 01048586, 0889008881, 00065541, 0835708890, 0889008884, 03145769, 0889008875, 02687025, 0884408889, 01310772, 0929008884, 03145752, 0889008884, 03145756, 0889000001];[08890, 08890, 08884, 08890]
62;[0000108458, 00655387, 0889008883, 00655403, 0864608646, 00655389, 0889008883, 00655370, 0850708506, 00655400, 0889008260, 00524290, 0889008884, 03145752, 0889008884, 03145756, 0889000001];[08890, 08890, 08890]
63;[0000109085, 00524291, 0889008568, 00655383, 0889008885, 03211267, 0889008378, 02686984, 0842908884, 0888408361, 00065569, 0889008884, 0888408888, 02949123, 0889008886, 02621453, 0889008888, 02949125, 0889008886, 02621457, 0889008884, 03145752, 0889008884, 0888408888, 02949137, 0889008886, 02621468, 0889000001];[08890, 08884, 08890, 08884, 08890, 08890, 08890, 08890, 08884]
64;[0000108458, 00655373, 0889008883, 00655403, 0864608646, 00655389, 0889008883, 00655370, 0850708506, 00655400, 0889008260, 00524290, 0889008884, 03145754, 0889008880, 01114136, 0889008886, 02621470, 0889000001];[08890, 08890, 08890]
65;[0000108886, 02621479, 0889008883, 00655403, 0864608646, 00655389, 0889008883, 00655370, 0850708506, 00655400, 0889008260, 00524290, 0889008880, 01114135, 0889008881, 00720908, 0863208632, 00720914, 0889000001];[08890, 08890, 08890]
66;[0820808207, 04653091, 0970808890, 0889008884, 03145752, 0889008884, 03145756, 0889008882, 01179660, 0889008889, 01310778, 0929008320, 00851975, 0844408890, 0889008883, 00655368, 0864608646, 00655399, 0889008884, 03145762, 0889008883, 00655369, 0927408208];[08890, 08890, 08884, 08890, 08890, 08890, 08884, 08890]
67;[0000108641, 00720919, 0889009223, 02293767, 0820608890, 0889008880, 01114135, 0889008880, 01114136, 0889008886, 02621470, 0889000001];[08890, 08890]
68;[0000108702, 02162691, 0838608812, 00917568, 0895408890, 0889008880, 01114135, 0889008885, 03276811, 0888508882, 03014673, 0889000001];[08890, 08890]
69;[0000108880, 01114133, 0889008880, 00589826, 0889008271, 00917511, 0881208629, 00983046, 0860308890, 0889008880, 01114135, 0889008889, 01310777, 0929009290, 00524318, 0889008888, 06029325, 0856408444, 00851998, 0831900001];[08890, 08890, 08890, 09290]
70;[0000108886, 02621479, 0889008271, 00917511, 0881208629, 00983046, 0860308890, 0889008885, 03276810, 0888508884, 03145757, 0889008888, 02949138, 0889008886, 02621472, 0889000001];[08890, 08890, 08890, 08890]
71;[0000109021, 00458760, 0889008393, 02097155, 0895408890, 0889008881, 00720904, 0863208632, 00720918, 0889008889, 01310777, 0929009290, 00524318, 0889008888, 06029325, 0856408444, 00851998, 0831900001];[08890, 08890, 09290]
72;[0000108698, 06029326, 0889008889, 01310767, 0929009701, 01572865, 0889008888, 02162695, 0895408890, 0889008881, 00720904, 0863208632, 00720918, 0889008880, 00589851, 0889008883, 00655366, 0863108890, 0889008458, 00655398, 0889008886, 01048613, 0889000001];[08890, 08890, 08890]
73;[0000108812, 00917541, 0911008399, 00327682, 0839908890, 0889008881, 00720904, 0863208632, 00720918, 0889008880, 01114138, 0889000001];[08890, 08890]
74;[0856909123, 01441800, 0891308981, 01835017, 0856908569, 00786441, 0864608646, 00786440, 0838508884, 03145748, 0889008880, 01114132, 0889008884, 03145754, 0889008569];[08884, 08890, 08890, 08884]
75;[0856908568, 00786437, 0835808356, 01507333, 0838609216, 01835016, 0856908569, 00786441, 0864608646, 00786440, 0838508884, 03145748, 0889008880, 01114132, 0889008884, 03145754, 0889008569];[08884, 08890, 08890, 08884]
76;[0000108886, 02621442, 0889008271, 00917558, 0895109005, 02031619, 0889008889, 01310723, 0969808890, 0889008884, 03145754, 0889008889, 01310749, 0969809698, 00524301, 0889000001];[08890, 08890, 08890]
77;[0000109290, 0929009701, 00524305, 0889009140, 03866626, 0889008271, 00917558, 0895109005, 02031619, 0889008889, 01310723, 0969808890, 0889008880, 01114135, 0889008881, 00720908, 0863208632, 00720914, 0889008884, 0888408888, 02949138, 0889008886, 02621472, 0889000001];[09290, 08890, 08890, 08890, 08890, 08884, 08890]
78;[0000109004, 00917590, 0895109362, 00917582, 0910908736, 01835021, 0856908884, 03145754, 0889008881, 00720908, 0863208632, 00720914, 0889000001];[08884, 08890]
79;[0856909123, 01441800, 0891308981, 01835017, 0856908569, 00786441, 0864608646, 00786440, 0838508884, 03145748, 0889008880, 01114132, 0889008884, 03145754, 0889008569];[08884, 08890, 08890, 08884]
80;[0000108890, 0889008889, 01310763, 0909609701, 00524294, 0889008399, 00327681, 0839909123, 01441800, 0891308981, 01835017, 0856908812, 00917549, 0911009110, 05701636, 0889008271, 00983048, 0862308882, 01179657, 0889008883, 02818057, 0889008883, 00655363, 0863108889, 01310776, 0929009290, 00524317, 0889008888, 06029324, 0856408444, 00851997, 0831908880, 00589855, 0889008882, 03670018, 0914009140, 00065589, 0889008272, 05701634, 0889008883, 00655369, 0927400001];[08890, 09096]
81;[0000109004, 00917590, 0895109362, 00917582, 0910908736, 01835021, 0856908880, 01114135, 0889008889, 01310749, 0969809698, 00524301, 0889008884, 0888408888, 02949138, 0889008886, 02621472, 0889000001];[08880, 08890, 08890, 08884, 08890]
