$DEPOT:ID;capacity
00001;79
$INITIALSTOPPOINT:ID;isLoadingstation;frequency
08208;false;0
08569;false;0
08206;false;0
08207;false;0
08567;false;0
08568;false;0
08323;false;0
08444;false;0
08564;false;0
08685;false;0
08320;false;0
08562;false;0
09096;true;6
09094;false;0
09090;false;0
08319;false;0
08556;false;0
08675;false;0
08313;false;0
08673;false;0
08674;false;0
09085;false;0
08459;false;0
08218;false;0
09305;false;0
08336;false;0
08458;false;0
08697;false;0
08334;false;0
08698;false;0
08577;false;0
08211;false;0
08453;false;0
08332;false;0
08333;false;0
08212;false;0
08570;false;0
08450;false;0
00001;false;0
08648;false;0
08646;false;0
08525;false;0
08888;false;0
08647;false;0
08889;false;0
08886;false;0
08524;false;0
08887;false;0
08884;false;0
08642;false;0
08521;false;0
08885;false;0
08761;false;0
08882;false;0
08883;false;0
08641;false;0
08880;false;0
09057;false;0
08881;false;0
09054;false;0
09290;true;3
08639;false;0
08758;false;0
08759;false;0
08875;false;0
08996;false;0
08631;true;1
08632;false;0
08992;false;0
09048;false;0
09289;false;0
08993;false;0
08872;false;0
09044;false;0
08309;false;0
08429;false;0
08547;false;0
08546;false;0
08422;false;0
09075;false;0
09190;false;0
08659;false;0
08657;false;0
00016;false;0
08658;false;0
08534;false;0
08777;false;0
08774;false;0
08533;false;0
09069;false;0
08652;false;0
08773;false;0
09189;false;0
08890;true;253
09064;false;0
09062;false;0
08726;false;0
08844;false;0
08603;false;0
09019;false;0
09018;false;0
09139;false;0
08843;false;0
08601;false;0
08840;false;0
09379;false;0
09375;false;0
09132;false;0
08839;false;0
08957;false;0
08954;false;0
09129;false;0
08953;false;0
09127;false;0
09005;false;0
08951;false;0
09004;false;0
08399;false;0
09003;false;0
09124;false;0
08396;false;0
09123;false;0
09362;false;0
08395;false;0
08271;false;0
08392;false;0
08393;false;0
08272;true;1
08390;false;0
08391;false;0
08628;false;0
08507;false;0
08629;false;0
08747;false;0
08989;false;0
08506;false;0
08745;false;0
08866;false;0
08624;false;0
08867;false;0
09712;false;0
08865;false;0
08623;false;0
08983;false;0
08981;false;0
09157;false;0
09274;false;0
09708;false;0
08736;false;0
09705;false;0
09704;false;0
08613;false;0
09701;false;0
09700;false;0
09149;false;0
09148;false;0
08852;false;0
08970;false;0
09267;false;0
09025;true;2
09024;false;0
09144;false;0
08296;false;0
09021;false;0
09140;false;0
09380;false;0
08808;false;0
08929;false;0
08922;false;0
09216;false;0
09698;false;0
08361;false;0
08241;false;0
08362;false;0
08916;false;0
08913;false;0
08358;false;0
08479;false;0
08356;false;0
08357;false;0
09203;false;0
08354;true;1
08355;false;0
09683;false;0
08353;false;0
08470;false;0
08708;false;0
08826;false;0
08706;false;0
08702;false;0
08387;false;0
08385;false;0
08264;false;0
08386;false;0
08265;false;0
09110;true;9
08260;false;0
08814;false;0
09109;false;0
08812;false;0
08259;false;0
08378;false;0
08499;false;0
09104;false;0
09223;false;0
09222;false;0
09220;false;0
$Umlauf:ID;Fahrten;;;;;;;;
0;[0000108890, 0889008399, 00327696, 0839908355, 00393231, 0835708355, 00393232, 0835708890, 0889008844, 02686997, 0887508886, 01048590, 0889008881, 00065544, 0835708361, 00065565, 0889000001];[08890, 08890, 08890]
1;[0000108890, 0889008624, 00983045, 0827208624, 02228227, 0889008888, 02555914, 0891308685, 01441795, 0869708726, 02687067, 0887508890, 0889008885, 03276804, 0888508429, 02687064, 0837808378, 02686979, 0874708747, 02687003, 0837808890, 0889008880, 01114145, 0889008392, 02687033, 0832308890, 0889008889, 01310765, 0908509085, 01310762, 0970009700, 00524312, 0889008865, 02752514, 0889008881, 00065575, 0835708890, 0889008922, 02687052, 0886708882, 01179656, 0889008883, 02818056, 0889008889, 01310774, 0929000001];[08890, 08890, 08890, 08890, 08890]
2;[0000108355, 00393237, 0835708396, 01507330, 0874709190, 04653074, 0830908890, 0889008399, 00327685, 0839908569, 02686978, 0839008399, 00327686, 0839908890, 0889008882, 01179652, 0889008883, 02818053, 0889008889, 01310772, 0929008890, 0889008884, 03145772, 0889008885, 03211273, 0889000001];[08890, 08890, 08890, 08890]
3;[0000108641, 00720919, 0889009223, 02293767, 0820608890, 0889008885, 03276805, 0888508888, 00458759, 0827108884, 03145745, 0889000001];[08890, 08890]
4;[0000109021, 00458760, 0889008393, 02097155, 0895408954, 02228225, 0889000001];[]
5;[0000109157, 01572866, 0910408673, 04915202, 0899208992, 03473414, 0899308890, 0889008886, 01048598, 0889008881, 00065551, 0835708361, 00065578, 0889000001];[08890, 08890]
6;[0000109064, 04128769, 0889008888, 02162695, 0895408890, 0889008875, 02687051, 0891608881, 00065545, 0835708387, 01507335, 0835508355, 00393222, 0835708387, 01376258, 0889000001];[08890, 08890]
7;[0000109123, 01441800, 0891308981, 01835017, 0856908890, 0889008888, 02949125, 0889008886, 02621457, 0889000001];[08890]
8;[0000109190, 04653075, 0970508890, 0889008913, 02293769, 0826008886, 01048596, 0889000001];[08890, 08890]
9;[0000108361, 00065568, 0889009024, 00917514, 0881208812, 00917548, 0902508890, 0889008458, 00655382, 0889008890, 02490370, 0883908890, 0889008880, 01114122, 0889008881, 00065550, 0835708890, 0889008889, 01310764, 0908509085, 01310766, 0969809698, 00524299, 0889008885, 03276811, 0888508882, 03014673, 0889000001];[08890, 08890, 08890, 08890]
10;[0000108886, 02621442, 0889008882, 03014657, 0889008880, 01114116, 0889008264, 02686990, 0928908890, 0889008913, 02293774, 0909408890, 0889008880, 00589845, 0889008883, 00655363, 0863108631, 00655388, 0889000001];[08890, 08890, 08890, 08890]
11;[0000109698, 00524293, 0889008886, 02621450, 0889008916, 02687028, 0887508890, 0889008880, 01114146, 0889008886, 01048594, 0889008271, 00983041, 0862308890, 0889008885, 03276809, 0888508884, 03145751, 0889000001];[08890, 08890, 08890]
12;[0000108506, 00655400, 0889008271, 02883585, 0889008881, 01376257, 0838608890, 0889008884, 03145741, 0889008866, 02228228, 0847908890, 0889008889, 01310756, 0969809698, 00524325, 0889008885, 03276810, 0888508884, 03145757, 0889000001];[08890, 08890, 08890]
13;[0000108259, 01835022, 0886508890, 0889008880, 01114117, 0889008881, 00720897, 0863208890, 0889008880, 01114121, 0889008881, 00720899, 0863208890, 0889008884, 03145770, 0889008913, 02424834, 0885208890, 0889008880, 01114128, 0889008631, 00655381, 0889008885, 03276816, 0888508881, 00065553, 0835708361, 00065580, 0889000001];[08890, 08890, 08890, 08890, 08890, 08890]
14;[0000108812, 00917541, 0911008399, 00327682, 0839908890, 0889008886, 02621446, 0889008883, 01769475, 0850708890, 0889008884, 03145752, 0889008881, 00720908, 0863208632, 00720914, 0889008354, 00851974, 0844408880, 01114141, 0889000001];[08890, 08890, 08890, 08890]
15;[0000108525, 02097157, 0842908883, 02818061, 0889008844, 02687062, 0887508890, 0889008882, 03014669, 0889008886, 01048587, 0889008646, 00655390, 0889009144, 02687040, 0865208570, 02687056, 0867508890, 0889008880, 00589839, 0889008883, 00655376, 0863108890, 0889008880, 01114130, 0889008882, 01179658, 0889008883, 02818058, 0889008889, 01310776, 0929008890, 0889008880, 01114138, 0889008444, 00851997, 0831908880, 00589855, 0889008882, 03670018, 0914009140, 00065589, 0889008272, 05701634, 0889000001];[08890, 08890, 08890, 08890, 08890, 08890, 08890, 08890]
16;[0000108886, 01048582, 0889008881, 00065547, 0835708890, 0889008867, 02687002, 0891608890, 0889008882, 03014658, 0889008886, 01048589, 0889008648, 02687059, 0865908922, 06488066, 0889008883, 00655361, 0863108631, 00655397, 0889000001];[08890, 08890, 08890]
17;[0000108444, 00851984, 0835408881, 00065563, 0835708355, 00393233, 0835708890, 0889008884, 03145768, 0889008355, 00393218, 0835708747, 01507332, 0839508866, 02687060, 0914408890, 0889008886, 00458756, 0881208812, 00917556, 0911000001];[08890, 08890, 08890]
18;[0000108702, 02162691, 0838608812, 00917568, 0895408890, 0889008884, 03145769, 0889008875, 02687025, 0884408844, 02424835, 0887208890, 0889008884, 02031620, 0857708890, 0889008880, 00589842, 0889008880, 01114134, 0889008886, 02621469, 0889000001];[08890, 08890, 08890, 08890]
19;[0000108444, 00851986, 0835408333, 02293765, 0888708759, 03342340, 0820608890, 0889008880, 00589836, 0889008880, 01114126, 0889009110, 0911009375, 00262158, 0889008886, 02621460, 0889000001];[08890, 08890, 08890, 09110, 08890]
20;[0000109140, 00065561, 0889008385, 00786448, 0845908459, 00720912, 0889008260, 03342338, 0864208890, 0889008880, 00589863, 0889009190, 04653082, 0889008521, 02490373, 0852408890, 0889009144, 01835014, 0913908631, 00655372, 0889000001];[08890, 08890, 08890]
21;[0000109127, 01572868, 0910409104, 02293772, 0860308890, 0889008533, 03276801, 0888508884, 03145767, 0889008875, 02687030, 0884408890, 0889008888, 00458764, 0902408524, 02687041, 0886708890, 0889008880, 01114124, 0889008726, 01572875, 0877408890, 0889008885, 03211272, 0889008888, 02949135, 0889008886, 01048604, 0889008881, 00065557, 0835708890, 0889008886, 01048609, 0889008880, 01114142, 0889000001];[08890, 08890, 08890, 08890, 08890, 08890]
22;[0000109064, 02490374, 0889008888, 02555915, 0891308646, 01835012, 0856908659, 02686987, 0864808890, 0889008889, 01310725, 0969809698, 00524309, 0889008632, 00720909, 0889008885, 03276806, 0888508890, 0889008881, 00720903, 0863208632, 00720917, 0889008880, 01114136, 0889008886, 02621470, 0889000001];[08890, 08890, 08890, 08890]
23;[0000108951, 00917566, 0881208812, 00917517, 0936208951, 00917508, 0881208812, 00458768, 0889008212, 02293763, 0820608890, 0889008886, 01048593, 0889008429, 02228229, 0847908890, 0889008886, 02621462, 0889008886, 00458761, 0895108951, 00917537, 0881209110, 0911008320, 00851972, 0844408444, 00851995, 0831908355, 00393228, 0835708355, 00393229, 0836108890, 0889008884, 03145761, 0889008887, 00262148, 0920308890, 0889008886, 01048612, 0889008385, 00786447, 0864700001];[08890, 08890, 09110, 08890, 08890]
24;[0000108568, 00655383, 0889008320, 00851981, 0844408444, 00851989, 0835408889, 01310770, 0929008890, 0889008889, 01310755, 0969809698, 00524296, 0889008889, 01310753, 0970009700, 00524297, 0889008355, 00393227, 0839908399, 00327693, 0839908361, 00065583, 0889008888, 02949131, 0889000001];[08890, 08890, 08890, 08890, 08890]
25;[0000108884, 03145744, 0889008888, 01441793, 0889008354, 00851982, 0844408444, 00851990, 0835408880, 01114127, 0889000001];[08890, 08890, 08890]
26;[0000109379, 00458771, 0889008954, 01638404, 0900308777, 00720911, 0856708569, 01835009, 0907508890, 0889008889, 04653061, 0918908361, 00065577, 0889000001];[08890, 08890]
27;[0000108890, 0889008887, 00262147, 0920308890, 0889008886, 01048618, 0889008698, 01441801, 0889008206, 01572872, 0821109289, 02687063, 0826508884, 03145766, 0889000001];[08890, 08890, 08890]
28;[0000108886, 01048583, 0889008881, 00065593, 0835708890, 0889008889, 01310744, 0969809698, 00524295, 0889008631, 00655391, 0845808884, 03145733, 0889008355, 00393219, 0839908399, 00327694, 0835708361, 00065584, 0889008888, 02949138, 0889008886, 02621472, 0889000001];[08890, 08890, 08890, 08890]
29;[0000108890, 0889008624, 00983045, 0827208624, 02228227, 0889008888, 02555914, 0891308685, 01441795, 0869708726, 02687067, 0887508890, 0889008885, 03276804, 0888508429, 02687064, 0837808378, 02686979, 0874708747, 02687003, 0837808890, 0889008880, 01114145, 0889008392, 02687033, 0832308890, 0889008889, 01310765, 0908509085, 01310762, 0970009700, 00524312, 0889008865, 02752514, 0889008881, 00065575, 0835708890, 0889008922, 02687052, 0886708882, 01179656, 0889008883, 02818056, 0889008889, 01310774, 0929009290, 00524314, 0889008888, 06029321, 0856408562, 06029338, 0889000001];[08890, 08890, 08890, 08890, 08890, 09290]
30;[0000108880, 01114133, 0889008880, 00589826, 0889008886, 01048583, 0889008881, 00065593, 0835708890, 0889008889, 01310744, 0969809698, 00524295, 0889008631, 00655391, 0845808884, 03145733, 0889008355, 00393219, 0839908399, 00327694, 0835708361, 00065584, 0889000001];[08890, 08890, 08890, 08890]
31;[0000108458, 00655373, 0889008885, 03211282, 0889008888, 02555910, 0891308889, 06553602, 0892208890, 0889008916, 02687001, 0887508886, 01048586, 0889008881, 00065541, 0835708890, 0889008884, 03145739, 0889008885, 03211270, 0889008323, 02686986, 0839108422, 01900546, 0856908569, 00786441, 0864608646, 00786440, 0838508890, 0889008880, 00589844, 0889008867, 02686980, 0892208826, 00262154, 0889008880, 00589849, 0889008883, 00655365, 0863108631, 00655393, 0889000001];[08890, 08890, 08890, 08890, 08890, 08890]
32;[0000108207, 04653091, 0970808890, 0889008886, 02621452, 0889008886, 00458762, 0881209110, 0911008951, 00917516, 0881208812, 00917583, 0936208954, 00917515, 0881208812, 00917584, 0936208951, 00917536, 0881208812, 00917586, 0936208890, 0889008886, 01048600, 0889008271, 00983043, 0862308890, 0889008882, 01179659, 0889008883, 02818059, 0889008882, 01179661, 0889008951, 00917526, 0881208812, 00917579, 0936208951, 00917528, 0881208568, 00786439, 0838508890, 0889008883, 00655369, 0927400001];[08890, 09110, 08890, 08890, 08890, 08890]
33;[0000108698, 06029328, 0889008886, 01048584, 0889008888, 02949134, 0889008887, 02162689, 0891608890, 0889008884, 03145737, 0889008885, 03211266, 0889008355, 00393230, 0839908399, 00327689, 0839908890, 0889008888, 02949136, 0889008886, 02621464, 0889000001];[08890, 08890, 08890]
34;[0000108884, 03145736, 0889008880, 01114115, 0889008546, 02424843, 0852108890, 0889008882, 01179650, 0824108241, 02818062, 0889008883, 02818049, 0889008361, 00065569, 0889008378, 02687039, 0842908880, 00589868, 0889008354, 00851970, 0844408880, 01114137, 0889000001];[08890, 08890, 08890, 08890]
35;[0000108996, 02097156, 0839209220, 01966083, 0831908890, 0889008884, 03145790, 0889008885, 03276819, 0888508890, 0889008884, 03145773, 0889008885, 03211268, 0889009362, 00917578, 0827208884, 03145760, 0889008883, 00655367, 0863908890, 0889008886, 02621477, 0889008886, 02621475, 0889000001];[08890, 08890, 08890, 08890, 08890]
36;[0000109044, 00458763, 0889009048, 00917535, 0827208272, 01638402, 0833608890, 0889008886, 02621454, 0889008881, 00720898, 0865808658, 00720902, 0845908890, 0889008865, 02293771, 0913208890, 0889008880, 01114131, 0889008881, 00720904, 0863208632, 00720918, 0889008889, 01310750, 0969809698, 00524302, 0889009110, 00917532, 0881208890, 0889008886, 01048615, 0889000001];[08890, 08890, 08890, 08890, 08890, 08890, 08890]
37;[0000108989, 01703937, 0889008886, 02621448, 0889009110, 0911009305, 01769473, 0889008882, 01179655, 0889008883, 02818055, 0889008889, 01310773, 0929000001];[08890, 09110, 09290]
38;[0000108745, 00327695, 0836208353, 01048630, 0889008881, 00065542, 0835708355, 00393235, 0836108613, 01441794, 0889008886, 01048582, 0889008881, 00065547, 0835708867, 02687002, 0891608882, 03014658, 0889008886, 01048589, 0889008648, 02687059, 0865908922, 06488066, 0889008883, 00655361, 0863108631, 00655397, 0889000001];[08890]
39;[0000108444, 00851980, 0831908880, 00589859, 0889009062, 03276820, 0889008886, 01048582, 0889008881, 00065547, 0835708867, 02687002, 0891608882, 03014658, 0889008886, 01048589, 0889008648, 02687059, 0865908922, 06488066, 0889008883, 00655361, 0863108631, 00655397, 0889000001];[08890]
40;[0000109267, 02752513, 0889009090, 01572876, 0826408624, 00983047, 0827208843, 00262151, 0920308890, 0889008888, 02949129, 0889008886, 02621466, 0889008880, 00589850, 0889008444, 00851996, 0835408361, 00065588, 0889000001];[08890, 08890, 08890]
41;[0000108812, 00917540, 0827208882, 01179667, 0824108241, 02818052, 0889008885, 03211274, 0889008886, 01048582, 0889008881, 00065547, 0835708867, 02687002, 0891608882, 03014658, 0889008886, 01048589, 0889008648, 02687059, 0865908922, 06488066, 0889008883, 00655361, 0863108631, 00655397, 0889000001];[08890]
42;[0000108458, 00655373, 0889008884, 03145753, 0889008884, 03145731, 0889008886, 01048582, 0889008881, 00065547, 0835708867, 02687002, 0891608882, 03014658, 0889008886, 01048589, 0889008648, 02687059, 0865908922, 06488066, 0889008883, 00655361, 0863108631, 00655397, 0889000001];[08890]
43;[0000109701, 01572865, 0889008356, 01507333, 0838609216, 01835016, 0856908890, 0889008880, 01114152, 0889008429, 01966081, 0844408890, 0889008884, 03145749, 0889008444, 00851994, 0835408880, 00589850, 0889008444, 00851996, 0835408361, 00065588, 0889000001];[08890, 08890, 08354]
44;[0000109701, 01572865, 0889008356, 01507333, 0838609216, 01835016, 0856908890, 0889008880, 01114152, 0889008429, 01966081, 0844408890, 0889008884, 03145749, 0889008444, 00851994, 0835409290, 00524316, 0889008888, 06029323, 0856408890, 0889008882, 03014674, 0889008886, 01048608, 0889000001];[08890, 08890, 09290, 08890, 08890]
45;[0000108628, 02097158, 0838608808, 01638405, 0870808890, 0889008880, 00589834, 0889008378, 02687000, 0842908882, 03014660, 0889008652, 02687008, 0856908603, 01572873, 0821808444, 00851991, 0831908320, 00851977, 0844408890, 0889008884, 03145774, 0889008885, 03211275, 0889000001];[08890, 08890, 08890]
46;[0000108601, 03145765, 0889008886, 01048577, 0889008881, 00065540, 0835708358, 00262145, 0882608355, 00393217, 0835708890, 0889008886, 01048588, 0889008881, 00065543, 0835708361, 00065571, 0889008569, 01835010, 0864708886, 02621458, 0889000001];[08890, 08890, 08890, 08890]
47;[0000109375, 00262160, 0889008886, 02621444, 0889008429, 02687068, 0837808890, 0889008886, 01048591, 0889008271, 00983049, 0862308890, 0889008885, 03276818, 0888508884, 03145730, 0889009362, 01638401, 0900308880, 01114129, 0889008880, 00589862, 0889008631, 00655394, 0889008884, 03145763, 0889000001];[08890, 08890, 08890, 08890, 08890]
48;[0000108706, 02621445, 0889008883, 03342337, 0969808264, 02293766, 0909008890, 0889008888, 02949123, 0889008886, 02621453, 0889008603, 02031618, 0827108886, 02621459, 0889008355, 00393236, 0839908399, 00327692, 0839908890, 0889008888, 02949137, 0889008886, 02621468, 0889000001];[08890, 08890, 08890, 08890]
49;[0000108458, 00655387, 0889008880, 01114113, 0889008882, 01179654, 0824108241, 02818063, 0889008773, 01769474, 0889009110, 0911008353, 02162694, 0889008886, 02621474, 0889009290, 00524310, 0889008888, 06029315, 0856408890, 0889008399, 00327688, 0839908888, 02949133, 0889000001];[08890, 08890, 09110, 08890, 08890]
50;[0000108562, 06029331, 0889008880, 00589843, 0889009024, 00917512, 0881208812, 00917545, 0902508890, 0889008886, 01048592, 0889008881, 00065546, 0835708358, 00262146, 0881408890, 0889008882, 03014662, 0889008886, 01048579, 0889009290, 00524314, 0889008888, 06029321, 0856408562, 06029338, 0889000001];[08890, 08890, 08890, 08890, 08890]
51;[0000109267, 02752513, 0889009090, 01572876, 0826408624, 00983047, 0827208843, 00262151, 0920308890, 0889008888, 02949129, 0889008886, 02621466, 0889009290, 00524317, 0889008888, 06029324, 0856408320, 00851975, 0844408890, 0889008885, 03211279, 0889008881, 00065560, 0914009140, 00065590, 0889000001];[08890, 08890, 08890, 08890, 08890]
52;[0000109222, 00655396, 0889008260, 00524326, 0889008399, 00327683, 0839908747, 02686988, 0837808890, 0889008888, 02949121, 0889008886, 02621451, 0889008206, 01572871, 0821108890, 0889008884, 03145780, 0889008271, 00917519, 0895108890, 0889008886, 01048601, 0889008881, 00065554, 0835708890, 0889008884, 03145758, 0889008271, 00917525, 0895108890, 0889008880, 00589853, 0889008886, 01048611, 0889008880, 00589857, 0889000001];[08890, 08890, 08890, 08890, 08890, 08890, 08890]
53;[0000108698, 06029326, 0889008889, 01310767, 0929008568, 00786437, 0835808890, 0889008884, 03145735, 0889008888, 06029313, 0856409110, 00917539, 0881208890, 0889009144, 01835015, 0864608890, 0889008880, 01114132, 0889008884, 03145776, 0889008885, 03211277, 0889009110, 0911008562, 06029341, 0889008880, 00589854, 0889008884, 03145762, 0889000001];[08890, 09110, 08890, 08890, 08890, 08890, 09110, 08890]
54;[0000109064, 04128771, 0889008888, 02555905, 0891308872, 02424838, 0884408880, 01114151, 0889009290, 00524311, 0889008880, 00589837, 0889008844, 02424840, 0887208885, 03276808, 0888508883, 00655362, 0863108890, 0889008882, 03014671, 0889008886, 02621465, 0889000001];[08890, 08890, 08890]
55;[0000108886, 01048597, 0889008883, 00655384, 0864108890, 0889008885, 03211283, 0889008885, 03211267, 0889009683, 03342343, 0876108867, 02162690, 0831908890, 0889008886, 01048602, 0889008881, 00065597, 0835708890, 0889008880, 00589851, 0889008883, 00655366, 0863108890, 0889008458, 00655398, 0889008886, 01048613, 0889000001];[08890, 08890, 08890, 08890, 08890]
56;[0000109048, 00458767, 0889008885, 02490372, 0852408534, 02424837, 0852108880, 00589831, 0889008355, 00393234, 0839908399, 00327690, 0839908890, 0889008886, 02621461, 0889008886, 01048603, 0889008881, 00065556, 0835708890, 0889008884, 03145777, 0889008884, 03145778, 0889000001];[08890, 08890, 08890, 08890]
57;[0000108568, 00786434, 0838509124, 01441798, 0889008886, 01048582, 0889008881, 00065547, 0835708867, 02687002, 0891608882, 03014658, 0889008886, 01048589, 0889008648, 02687059, 0865908922, 06488066, 0889008883, 00655361, 0863108631, 00655397, 0889000001];[08890]
58;[0000109140, 00065587, 0889009057, 03276802, 0888508886, 02621443, 0889008886, 01048582, 0889008881, 00065547, 0835708867, 02687002, 0891608882, 03014658, 0889008886, 01048589, 0889008648, 02687059, 0865908922, 06488066, 0889008883, 00655361, 0863108631, 00655397, 0889000001];[08890, 08890]
59;[0000108259, 01835022, 0886508890, 0889008880, 01114117, 0889008881, 00720897, 0863208890, 0889008880, 01114121, 0889008881, 00720899, 0863208890, 0889008884, 03145770, 0889008913, 02424834, 0885208890, 0889008880, 01114128, 0889008631, 00655381, 0889008885, 03276816, 0888508881, 00065553, 0835708361, 00065580, 0889008880, 00589850, 0889008444, 00851996, 0835408361, 00065588, 0889000001];[08890, 08890, 08890, 08890, 08890, 08890]
60;[0000108886, 02621442, 0889008882, 03014657, 0889008880, 01114116, 0889008264, 02686990, 0928908890, 0889008913, 02293774, 0909408890, 0889008880, 00589845, 0889008883, 00655363, 0863108631, 00655388, 0889008880, 00589850, 0889008444, 00851996, 0835408361, 00065588, 0889000001];[08890, 08890, 08890, 08890]
61;[0000108890, 0889008889, 01310763, 0909609701, 00524294, 0889008399, 00327681, 0839908355, 00393237, 0835708396, 01507330, 0874709190, 04653074, 0830908399, 00327685, 0839908569, 02686978, 0839008399, 00327686, 0839908882, 01179652, 0889008883, 02818053, 0889008889, 01310772, 0929008884, 03145772, 0889008885, 03211273, 0889000001];[08890, 09096]
62;[0000109140, 00065587, 0889009057, 03276802, 0888508886, 02621443, 0889009064, 04128771, 0889008888, 02555905, 0891308872, 02424838, 0884408880, 01114151, 0889009290, 00524311, 0889008880, 00589837, 0889008844, 02424840, 0887208885, 03276808, 0888508883, 00655362, 0863108882, 03014671, 0889008886, 02621465, 0889000001];[08890, 08890]
63;[0000109698, 00524293, 0889008886, 02621450, 0889008916, 02687028, 0887508890, 0889008880, 01114146, 0889008886, 01048594, 0889008271, 00983041, 0862308890, 0889008885, 03276809, 0888508884, 03145751, 0889008880, 00589850, 0889008444, 00851996, 0835408361, 00065588, 0889000001];[08890, 08890, 08890, 08890, 08890]
64;[0000108450, 01966085, 0838609704, 04653070, 0918908890, 0889008884, 03145738, 0889008885, 03211269, 0889008882, 03014661, 0889008429, 01638403, 0901809018, 02752515, 0889008889, 01310749, 0969809698, 00524301, 0889008888, 02949138, 0889008886, 02621472, 0889000001];[08890, 08890, 08890]
65;[0000109157, 01572866, 0910408673, 04915202, 0899208992, 03473414, 0899308890, 0889008886, 01048598, 0889008881, 00065551, 0835708361, 00065578, 0889008880, 00589850, 0889008444, 00851996, 0835408361, 00065588, 0889000001];[08890, 08890]
66;[0000108556, 06029330, 0889008880, 00589830, 0889009024, 00917513, 0881208812, 00917569, 0902509054, 02687019, 0887508882, 03014659, 0889008882, 03014661, 0889008429, 01638403, 0901809018, 02752515, 0889008889, 01310749, 0969809698, 00524301, 0889008888, 02949138, 0889008886, 02621472, 0889000001];[08890, 08890]
67;[0000108890, 0889008889, 01310763, 0909609701, 00524294, 0889008399, 00327681, 0839909123, 01441800, 0891308981, 01835017, 0856908888, 02949125, 0889008886, 02621457, 0889000001];[08890, 09096]
68;[0000108890, 0889008889, 01310763, 0909609701, 00524294, 0889008399, 00327681, 0839909190, 04653075, 0970508913, 02293769, 0826008886, 01048596, 0889000001];[08890, 09096]
69;[0000108890, 0889008889, 01310763, 0909609701, 00524294, 0889008399, 00327681, 0839909157, 01572866, 0910408673, 04915202, 0899208992, 03473414, 0899308886, 01048598, 0889008881, 00065551, 0835708361, 00065578, 0889000001];[08890, 09096]
70;[0000108890, 0889008889, 01310763, 0909609701, 00524294, 0889008399, 00327681, 0839909064, 04128771, 0889008888, 02555905, 0891308872, 02424838, 0884408880, 01114151, 0889009290, 00524311, 0889008880, 00589837, 0889008844, 02424840, 0887208885, 03276808, 0888508883, 00655362, 0863108882, 03014671, 0889008886, 02621465, 0889000001];[08890, 09096]
71;[0000108890, 0889008889, 01310763, 0909609701, 00524294, 0889008399, 00327681, 0839909127, 01572868, 0910409104, 02293772, 0860308533, 03276801, 0888508884, 03145767, 0889008875, 02687030, 0884408888, 00458764, 0902408524, 02687041, 0886708880, 01114124, 0889008726, 01572875, 0877408885, 03211272, 0889008888, 02949135, 0889008886, 01048604, 0889008881, 00065557, 0835708886, 01048609, 0889008880, 01114142, 0889000001];[08890, 09096]
72;[0000109140, 00065587, 0889009057, 03276802, 0888508886, 02621443, 0889008568, 00655383, 0889008320, 00851981, 0844408444, 00851989, 0835408889, 01310770, 0929008889, 01310755, 0969809698, 00524296, 0889008889, 01310753, 0970009700, 00524297, 0889008355, 00393227, 0839908399, 00327693, 0839908361, 00065583, 0889008888, 02949131, 0889000001];[08890, 08890]
73;[0000108361, 00065562, 0889009064, 03276813, 0889008880, 00589832, 0889009698, 00524293, 0889008886, 02621450, 0889008916, 02687028, 0887508880, 01114146, 0889008886, 01048594, 0889008271, 00983041, 0862308885, 03276809, 0888508884, 03145751, 0889000001];[08890]
74;[0000108313, 02621478, 0889008880, 00589825, 0889008880, 00589827, 0889008884, 02883586, 0860309290, 00524308, 0889009110, 0911008361, 00065568, 0889009024, 00917514, 0881208812, 00917548, 0902508458, 00655382, 0889008890, 02490370, 0883908880, 01114122, 0889008881, 00065550, 0835708889, 01310764, 0908509085, 01310766, 0969809698, 00524299, 0889008885, 03276811, 0888508882, 03014673, 0889000001];[08890, 08890, 09110, 09025]
75;[0000109110, 00917510, 0827108272, 05701635, 0889008883, 00655374, 0864108641, 00786438, 0835708353, 01048619, 0889009110, 0911008361, 00065568, 0889009024, 00917514, 0881208812, 00917548, 0902508458, 00655382, 0889008890, 02490370, 0883908880, 01114122, 0889008881, 00065550, 0835708889, 01310764, 0908509085, 01310766, 0969809698, 00524299, 0889008885, 03276811, 0888508882, 03014673, 0889000001];[08890, 09110, 09025]
76;[0000108361, 00065562, 0889009064, 03276813, 0889008880, 00589832, 0889008361, 00065568, 0889009024, 00917514, 0881208812, 00917548, 0902508458, 00655382, 0889008890, 02490370, 0883908880, 01114122, 0889008881, 00065550, 0835708889, 01310764, 0908509085, 01310766, 0969809698, 00524299, 0889008885, 03276811, 0888508882, 03014673, 0889000001];[08890]
77;[0000108313, 02621478, 0889008880, 00589825, 0889008880, 00589827, 0889008884, 02883586, 0860309290, 00524308, 0889009025, 00917546, 0911008883, 00655378, 0863108865, 02359298, 0889008887, 05701633, 0911008444, 00851993, 0831908880, 00589848, 0889008880, 00589850, 0889008444, 00851996, 0835408361, 00065588, 0889000001];[08890, 08890, 08631]
78;[0000108313, 02621478, 0889008880, 00589825, 0889008880, 00589827, 0889008884, 02883586, 0860309290, 00524308, 0889009110, 00917523, 0881208812, 00917576, 0936209362, 00917577, 0827208271, 00917529, 0895109362, 00917580, 0829608296, 00917531, 0895308951, 00917530, 0881208886, 01048614, 0889008889, 01310737, 0969800001];[08890, 08890, 08272]
