$DEPOT:ID;capacity
00001;67
08208;0
08569;20
08206;1
08207;6
$INITIALSTOPPOINT:ID;isLoadingstation;frequency
08208;false;0
08569;true;1
08206;false;0
08207;false;0
08567;false;0
08568;false;0
08323;false;0
08444;false;0
08564;false;0
08685;false;0
08320;false;0
08562;true;4
09096;true;2
09094;false;0
09090;false;0
08319;false;0
08556;false;0
08675;false;0
08313;false;0
08673;false;0
08674;false;0
09085;false;0
08459;false;0
08218;false;0
09305;false;0
08336;false;0
08458;false;0
08697;false;0
08334;false;0
08698;false;0
08577;false;0
08211;false;0
08453;false;0
08332;false;0
08333;false;0
08212;false;0
08570;false;0
08450;false;0
00001;false;0
08648;false;0
08646;false;0
08525;false;0
08888;false;0
08647;false;0
08889;false;0
08886;false;0
08524;false;0
08887;false;0
08884;false;0
08642;false;0
08521;false;0
08885;false;0
08761;false;0
08882;false;0
08883;false;0
08641;false;0
08880;false;0
09057;false;0
08881;false;0
09054;false;0
09290;false;0
08639;false;0
08758;false;0
08759;false;0
08875;false;0
08996;false;0
08631;false;0
08632;false;0
08992;false;0
09048;false;0
09289;false;0
08993;false;0
08872;false;0
09044;false;0
08309;false;0
08429;false;0
08547;false;0
08546;false;0
08422;false;0
09075;false;0
09190;false;0
08659;false;0
08657;false;0
00016;false;0
08658;false;0
08534;false;0
08777;false;0
08774;false;0
08533;true;1
09069;false;0
08652;false;0
08773;false;0
09189;false;0
08890;true;207
09064;false;0
09062;false;0
08726;false;0
08844;false;0
08603;false;0
09019;false;0
09018;false;0
09139;false;0
08843;false;0
08601;false;0
08840;false;0
09379;false;0
09375;false;0
09132;false;0
08839;false;0
08957;false;0
08954;false;0
09129;false;0
08953;false;0
09127;false;0
09005;false;0
08951;false;0
09004;false;0
08399;false;0
09003;false;0
09124;false;0
08396;false;0
09123;false;0
09362;false;0
08395;false;0
08271;false;0
08392;false;0
08393;false;0
08272;false;0
08390;false;0
08391;false;0
08628;false;0
08507;false;0
08629;false;0
08747;false;0
08989;false;0
08506;false;0
08745;false;0
08866;false;0
08624;false;0
08867;false;0
09712;false;0
08865;false;0
08623;false;0
08983;false;0
08981;false;0
09157;false;0
09274;false;0
09708;false;0
08736;false;0
09705;false;0
09704;false;0
08613;false;0
09701;false;0
09700;false;0
09149;false;0
09148;false;0
08852;false;0
08970;false;0
09267;false;0
09025;false;0
09024;false;0
09144;false;0
08296;false;0
09021;false;0
09140;false;0
09380;false;0
08808;false;0
08929;false;0
08922;false;0
09216;false;0
09698;false;0
08361;false;0
08241;false;0
08362;false;0
08916;false;0
08913;false;0
08358;false;0
08479;false;0
08356;false;0
08357;false;0
09203;false;0
08354;false;0
08355;true;3
09683;false;0
08353;false;0
08470;false;0
08708;false;0
08826;false;0
08706;false;0
08702;false;0
08387;false;0
08385;false;0
08264;false;0
08386;false;0
08265;false;0
09110;false;0
08260;false;0
08814;false;0
09109;false;0
08812;true;1
08259;false;0
08378;false;0
08499;false;0
09104;false;0
09223;false;0
09222;false;0
09220;false;0
$Umlauf:ID;Fahrten;;;;;;;;
0;[0000108562, 06029338, 0889008888, 06029322, 0856400001];[]
1;[0856908569, 00786441, 0864608646, 00786440, 0838508889, 01310745, 0969809698, 00524298, 0889008569];[08890]
2;[0000108884, 03145752, 0889008884, 03145756, 0889000001];[08890]
3;[0000108884, 03145752, 0889008880, 01114134, 0889000001];[08890]
4;[0000108884, 03145752, 0889008889, 01310776, 0929008562, 06029339, 0889008888, 06029323, 0856400001];[08890]
5;[0820708890, 0889008883, 00655363, 0863108631, 00655388, 0889008885, 03276811, 0888508882, 03014673, 0889008207];[08890, 08890]
6;[0820708890, 0889008883, 00655363, 0863108631, 00655388, 0889008881, 00720908, 0863208632, 00720914, 0889008880, 00589862, 0889008207];[08890, 08890]
7;[0820708890, 0889008883, 00655363, 0863108631, 00655388, 0889008883, 02818059, 0889008882, 01179661, 0889008207];[08890, 08890]
8;[0000108888, 02949129, 0889008886, 02621466, 0889008886, 02621469, 0889008889, 01310778, 0929000001];[08890]
9;[0000108890, 0889008889, 01310749, 0969809698, 00524301, 0889008882, 01179662, 0889008889, 01310751, 0969809698, 00524303, 0889000001];[08890, 08890]
10;[0000108890, 0889008889, 01310749, 0969809698, 00524301, 0889008884, 03145760, 0889008458, 00655398, 0889000001];[08890, 08890]
11;[0856908568, 00655383, 0889008885, 03211267, 0889008378, 02686984, 0842908890, 0889008889, 01310744, 0969809698, 00524295, 0889008882, 01179652, 0889008883, 02818053, 0889008882, 01179653, 0889008883, 00655376, 0863108631, 00655372, 0889008569];[08890, 08890]
12;[0856908568, 00655383, 0889008885, 03211267, 0889008378, 02686984, 0842908890, 0889008889, 01310744, 0969809698, 00524295, 0889008888, 02949124, 0889008886, 02621456, 0889008884, 02031620, 0857708880, 00589842, 0889008569];[08890, 08890]
13;[0856908568, 00655383, 0889008885, 03211267, 0889008378, 02686984, 0842908890, 0889008889, 01310744, 0969809698, 00524295, 0889008888, 02949124, 0889008886, 02621456, 0889008883, 00655376, 0863108631, 00655372, 0889008569];[08890, 08890]
14;[0000108886, 01048604, 0889008881, 00065557, 0835708890, 0889008271, 00917529, 0895109362, 00917580, 0829608296, 00917531, 0895308951, 00917530, 0881209375, 00262155, 0889008881, 00065560, 0914009140, 00065590, 0889000001];[08890, 08890]
15;[0856908568, 00655383, 0889008885, 03211267, 0889008378, 02686984, 0842908890, 0889008889, 01310744, 0969809698, 00524295, 0889008882, 01179652, 0889008883, 02818053, 0889008882, 01179653, 0889008884, 03145772, 0889008885, 03211273, 0889008569];[08890, 08890]
16;[0000108884, 03145772, 0889008885, 03211273, 0889008886, 01048600, 0889008271, 00983043, 0862308883, 00655364, 0863108631, 00655392, 0889000001];[08890]
17;[0000108884, 03145772, 0889008885, 03211273, 0889008882, 03014671, 0889008886, 02621465, 0889000001];[08890]
18;[0000108886, 01048604, 0889008881, 00065557, 0835708890, 0889008271, 00917529, 0895109362, 00917580, 0829608296, 00917531, 0895308951, 00917530, 0881209375, 00262155, 0889008889, 01310736, 0969809698, 00524321, 0889000001];[08890, 08890]
19;[0000108884, 03145752, 0889008880, 01114136, 0889008886, 02621470, 0889000001];[08890]
20;[0000108886, 01048604, 0889008881, 00065557, 0835708890, 0889008271, 00917529, 0895109362, 00917580, 0829608296, 00917531, 0895308951, 00917530, 0881209375, 00262155, 0889008884, 03145763, 0889000001];[08890, 08890]
21;[0000108890, 0889008884, 02031620, 0857708890, 0889008880, 00589842, 0889008886, 01048600, 0889008271, 00983043, 0862308883, 00655364, 0863108631, 00655392, 0889000001];[08890, 08890, 08890]
22;[0000108890, 0889008884, 02031620, 0857708890, 0889008880, 00589842, 0889008882, 03014671, 0889008886, 02621465, 0889000001];[08890, 08890, 08890]
23;[0856908568, 00655383, 0889008885, 03211267, 0889008378, 02686984, 0842908890, 0889008889, 01310744, 0969809698, 00524295, 0889008888, 02949124, 0889008886, 02621456, 0889008882, 03014662, 0889008886, 01048579, 0889008569];[08890, 08890]
24;[0000108890, 0889008889, 04653066, 0918908521, 02490369, 0853308524, 02424839, 0889008882, 03014662, 0889008886, 01048579, 0889008886, 01048600, 0889008271, 00983043, 0862308883, 00655364, 0863108631, 00655392, 0889000001];[08890, 08890]
25;[0000108890, 0889008889, 04653066, 0918908521, 02490369, 0853308524, 02424839, 0889008882, 03014662, 0889008886, 01048579, 0889008882, 03014671, 0889008886, 02621465, 0889000001];[08890, 08890]
26;[0000108882, 03014671, 0889008886, 02621465, 0889008884, 03145776, 0889008885, 03211277, 0889000001];[08890]
27;[0856908568, 00655383, 0889008885, 03211267, 0889008378, 02686984, 0842908890, 0889008889, 01310744, 0969809698, 00524295, 0889008886, 01048593, 0889008429, 02228229, 0847908890, 0889008886, 02621462, 0889008886, 00458761, 0895108951, 00917537, 0881208569];[08890, 08890, 08890]
28;[0000108355, 00393219, 0839908399, 00327694, 0835708361, 00065584, 0889009148, 00720905, 0845908886, 02621455, 0889009375, 00262150, 0889000001];[08890, 08890]
29;[0820708883, 02818057, 0889008882, 01179658, 0889008361, 00065580, 0889008880, 01114136, 0889008886, 02621470, 0889008207];[08890]
30;[0000108884, 03145740, 0889008885, 03211271, 0889008884, 02031620, 0857708880, 00589842, 0889008883, 02818057, 0889008882, 01179658, 0889008361, 00065580, 0889000001];[08890]
31;[0000108884, 03145740, 0889008885, 03211271, 0889008882, 03014662, 0889008886, 01048579, 0889008884, 03145752, 0889008884, 03145776, 0889008885, 03211277, 0889000001];[08890]
32;[0820708883, 02818057, 0889008882, 01179658, 0889008361, 00065580, 0889008881, 00720908, 0863208632, 00720914, 0889008880, 00589862, 0889008207];[08890]
33;[0820608206, 01572871, 0821109375, 00262158, 0889008886, 02621460, 0889008888, 02949129, 0889008886, 02621466, 0889008206];[08890]
34;[0000108882, 03014671, 0889008886, 02621465, 0889008880, 01114136, 0889008886, 02621470, 0889000001];[08890]
35;[0000108884, 03145740, 0889008885, 03211271, 0889008883, 00655376, 0863108631, 00655372, 0889008882, 03014671, 0889008886, 02621465, 0889000001];[08890]
36;[0000108882, 03014671, 0889008886, 02621465, 0889008881, 00720908, 0863208632, 00720914, 0889008880, 00589862, 0889000001];[08890]
37;[0856908569, 01835010, 0864708913, 02293774, 0909408890, 0889008882, 03014671, 0889008886, 02621465, 0889008569];[08890]
38;[0000108884, 03145740, 0889008885, 03211271, 0889008884, 02031620, 0857708880, 00589842, 0889008888, 02949129, 0889008886, 02621466, 0889008886, 02621469, 0889008889, 01310778, 0929000001];[08890]
39;[0000108884, 03145740, 0889008885, 03211271, 0889008884, 02031620, 0857708880, 00589842, 0889008884, 03145752, 0889008884, 03145776, 0889008885, 03211277, 0889000001];[08890]
40;[0000109683, 03342339, 0849908355, 00393225, 0835708890, 0889008884, 03145774, 0889008885, 03211275, 0889008881, 00720908, 0863208632, 00720914, 0889008880, 00589862, 0889000001];[08890, 08890]
41;[0000108884, 03145740, 0889008885, 03211271, 0889008882, 03014662, 0889008886, 01048579, 0889008880, 01114136, 0889008886, 02621470, 0889000001];[08890, 08890]
42;[0000108884, 03145772, 0889008885, 03211273, 0889008320, 00851972, 0844408444, 00851995, 0831908355, 00393228, 0835708355, 00393229, 0836108890, 0889008889, 01310779, 0929008320, 00851976, 0844408444, 00851999, 0831908320, 00851978, 0844400001];[08890, 08890]
43;[0000108884, 03145740, 0889008885, 03211271, 0889008883, 00655376, 0863108631, 00655372, 0889008883, 02818057, 0889008882, 01179658, 0889008361, 00065580, 0889000001];[08890]
44;[0000108355, 00393219, 0839908399, 00327694, 0835708361, 00065584, 0889009148, 00720905, 0845908886, 02621455, 0889009375, 00262150, 0889008886, 01048614, 0889008889, 01310737, 0969800001];[08890, 08890]
45;[0000108884, 03145740, 0889008885, 03211271, 0889008883, 00655376, 0863108631, 00655372, 0889008888, 02949129, 0889008886, 02621466, 0889008886, 02621469, 0889008889, 01310778, 0929000001];[08890]
46;[0000108884, 03145740, 0889008885, 03211271, 0889008883, 00655376, 0863108631, 00655372, 0889008884, 03145752, 0889008884, 03145776, 0889008885, 03211277, 0889000001];[08890]
47;[0000108890, 0889008889, 01310749, 0969809698, 00524301, 0889008886, 01048609, 0889008880, 01114142, 0889008886, 01048614, 0889008889, 01310737, 0969800001];[08890, 08890, 08890, 08890]
48;[0000109222, 00655396, 0889008881, 00065540, 0835708358, 00262145, 0882608355, 00393217, 0835708890, 0889008886, 01048588, 0889008881, 00065543, 0835708361, 00065571, 0889008883, 02818054, 0889008882, 01179655, 0889008889, 01310749, 0969809698, 00524301, 0889008884, 03145761, 0889008887, 00262148, 0920308890, 0889008886, 01048612, 0889008385, 00786447, 0864700001];[08890, 08890, 08890, 08890, 08890]
49;[0000108890, 0889008889, 01310749, 0969809698, 00524301, 0889008886, 01048609, 0889008880, 01114142, 0889009110, 00917532, 0881200001];[08890, 08890, 08890]
50;[0856908568, 00655383, 0889008885, 03211267, 0889008378, 02686984, 0842908890, 0889008889, 01310744, 0969809698, 00524295, 0889008886, 01048593, 0889008429, 02228229, 0847908890, 0889008886, 02621462, 0889008886, 00458761, 0895108951, 00917537, 0881208812, 00917559, 0827208361, 00065598, 0889008882, 01179662, 0889008889, 01310751, 0969809698, 00524303, 0889008569];[08890, 08890, 08890, 08812, 08890]
51;[0000108890, 0889008889, 01310749, 0969809698, 00524301, 0889008882, 01179662, 0889008889, 01310751, 0969809698, 00524303, 0889008886, 01048614, 0889008889, 01310737, 0969800001];[08890, 08890]
52;[0000109140, 00065587, 0889008880, 01114113, 0889008882, 01179654, 0824108241, 02818063, 0889008459, 01835011, 0886508890, 0889008883, 00655375, 0864608646, 00655379, 0889008361, 00065569, 0889008886, 02621446, 0889008883, 01769475, 0850708890, 0889008888, 02949129, 0889008886, 02621466, 0889008886, 01048606, 0889008881, 00065558, 0835708361, 00065600, 0889000001];[08890, 08890, 08890, 08890, 08890]
53;[0000108884, 03145752, 0889008881, 00720908, 0863208632, 00720914, 0889008880, 00589862, 0889008812, 00917564, 0911008890, 0889008886, 02621463, 0889008882, 01179665, 0889000001];[08890, 08890, 08890, 08890]
54;[0000108888, 02949129, 0889008886, 02621466, 0889008883, 00655365, 0863108631, 00655393, 0889009096, 0909608562, 06029341, 0889008880, 00589854, 0889000001];[08890, 08890, 09096]
55;[0000108884, 03145740, 0889008885, 03211271, 0889008884, 03145772, 0889008885, 03211273, 0889008884, 03145752, 0889008884, 03145776, 0889008885, 03211277, 0889000001];[08890]
56;[0000108884, 03145752, 0889008883, 00655365, 0863108631, 00655393, 0889008885, 03211279, 0889008881, 00065560, 0914009140, 00065590, 0889000001];[08890, 08890, 08890]
57;[0000108890, 0889008889, 01310749, 0969809698, 00524301, 0889008884, 03145760, 0889008458, 00655398, 0889008886, 01048614, 0889008889, 01310737, 0969800001];[08890, 08890]
58;[0000108355, 00393219, 0839908399, 00327694, 0835708361, 00065584, 0889008886, 02621471, 0889008882, 01179663, 0889008886, 01048614, 0889008889, 01310737, 0969800001];[08890]
59;[0000108884, 03145740, 0889008885, 03211271, 0889008884, 02031620, 0857708880, 00589842, 0889008884, 03145752, 0889008884, 03145776, 0889008885, 03211277, 0889000001];[08890]
60;[0000108458, 00655387, 0889008883, 00655403, 0864608646, 00655389, 0889008883, 00655370, 0850708506, 00655400, 0889008260, 00524290, 0889008888, 02949121, 0889008886, 02621451, 0889008884, 03145769, 0889008875, 02687025, 0884408889, 01310772, 0929009290, 00524324, 0889008888, 06029318, 0856408812, 00458766, 0895308399, 00327698, 0835708361, 00065570, 0889008880, 00589846, 0889000001];[08890, 08890, 08890]
61;[0000108884, 03145740, 0889008885, 03211271, 0889008884, 02031620, 0857708880, 00589842, 0889008889, 01310749, 0969809698, 00524301, 0889008882, 01179662, 0889008889, 01310751, 0969809698, 00524303, 0889000001];[08890]
62;[0820708260, 00524326, 0889008399, 00327683, 0839908747, 02686988, 0837808890, 0889008889, 01310725, 0969809698, 00524309, 0889008884, 03145740, 0889008885, 03211271, 0889008884, 03145752, 0889008889, 01310749, 0969809698, 00524301, 0889008207];[08890, 08890, 08890, 08890]
63;[0856908568, 00655383, 0889008885, 03211267, 0889008378, 02686984, 0842908890, 0889008889, 01310744, 0969809698, 00524295, 0889008888, 02949124, 0889008886, 02621456, 0889008883, 00655376, 0863108631, 00655372, 0889008884, 03145776, 0889008885, 03211277, 0889008882, 01179662, 0889008889, 01310751, 0969809698, 00524303, 0889008569];[08890, 08890]
64;[0000108355, 00393231, 0835709290, 00524308, 0889008569, 02686978, 0839008890, 0889008883, 00655371, 0864608646, 00655390, 0889009144, 02687040, 0865208570, 02687056, 0867508890, 0889008886, 01048594, 0889008271, 00983041, 0862308890, 0889008886, 01048599, 0889008881, 00065552, 0835708361, 00065579, 0889000001];[08890, 08890, 08890, 08890, 08890]
65;[0000109290, 00524324, 0889008888, 06029318, 0856408812, 00458766, 0895308890, 0889008399, 00327698, 0835708361, 00065570, 0889008880, 00589846, 0889008355, 00393219, 0839908399, 00327694, 0835708361, 00065584, 0889008886, 02621471, 0889008882, 01179663, 0889000001];[08890, 08890]
66;[0856908568, 00655383, 0889008885, 03211267, 0889008378, 02686984, 0842908890, 0889008889, 01310744, 0969809698, 00524295, 0889008886, 01048593, 0889008429, 02228229, 0847908890, 0889008886, 02621462, 0889008886, 00458761, 0895108951, 00917537, 0881208562, 06029338, 0889008888, 06029322, 0856408569];[08890, 08890, 08890, 08562]
67;[0856908568, 00655383, 0889008885, 03211267, 0889008378, 02686984, 0842908890, 0889008889, 01310744, 0969809698, 00524295, 0889008882, 01179652, 0889008883, 02818053, 0889008882, 01179653, 0889008883, 00655376, 0863108631, 00655372, 0889008889, 01310749, 0969809698, 00524301, 0889008884, 03145760, 0889008458, 00655398, 0889008569];[08890, 08890]
68;[0000109044, 00458763, 0889008444, 00851987, 0831908885, 03276804, 0888508429, 02687064, 0837808378, 02686979, 0874708747, 02687003, 0837808890, 0889008886, 02621454, 0889008881, 00720898, 0865808658, 00720902, 0845908890, 0889008844, 02424840, 0887208890, 0889008883, 02818055, 0889008882, 01179656, 0889008812, 00917559, 0827208361, 00065598, 0889008882, 01179662, 0889008889, 01310751, 0969809698, 00524303, 0889000001];[08890, 08890, 08890, 08890, 08890, 08890]
69;[0856908568, 00655383, 0889008885, 03211267, 0889008378, 02686984, 0842908890, 0889008889, 01310744, 0969809698, 00524295, 0889008886, 01048593, 0889008429, 02228229, 0847908890, 0889008886, 02621462, 0889008886, 00458761, 0895108951, 00917537, 0881208355, 00393219, 0839908399, 00327694, 0835708361, 00065584, 0889009148, 00720905, 0845908886, 02621455, 0889009375, 00262150, 0889008569];[08890, 08890, 08890, 08355, 08890, 08890]
70;[0856908568, 00786434, 0838508888, 01441793, 0889009144, 01835014, 0913908890, 0889008880, 01114130, 0889008884, 03145776, 0889008885, 03211277, 0889008569];[08890, 08890, 08890]
71;[0000108458, 00655387, 0889008883, 00655403, 0864608646, 00655389, 0889008883, 00655370, 0850708506, 00655400, 0889008260, 00524290, 0889008884, 02031620, 0857708890, 0889008880, 00589842, 0889008886, 01048601, 0889008881, 00065554, 0835708890, 0889008884, 03145758, 0889008271, 00917525, 0895108890, 0889008880, 00589853, 0889000001];[08890, 08890, 08890, 08890, 08890, 08890]
72;[0000108890, 0889008889, 01310763, 0909609701, 00524294, 0889008399, 00327681, 0839908568, 00655383, 0889008885, 03211267, 0889008378, 02686984, 0842908889, 01310744, 0969809698, 00524295, 0889008882, 01179652, 0889008883, 02818053, 0889008882, 01179653, 0889008883, 00655376, 0863108631, 00655372, 0889000001];[08890, 09096]
73;[0000109379, 00458771, 0889008889, 04653066, 0918908521, 02490369, 0853308524, 02424839, 0889008882, 03014662, 0889008886, 01048579, 0889008886, 01048600, 0889008271, 00983043, 0862308883, 00655364, 0863108631, 00655392, 0889000001];[08890, 08890]
74;[0000109379, 00458771, 0889008884, 03145740, 0889008885, 03211271, 0889008884, 02031620, 0857708880, 00589842, 0889008883, 02818057, 0889008882, 01179658, 0889008361, 00065580, 0889000001];[08890, 08890]
75;[0000108884, 03145740, 0889008885, 03211271, 0889008882, 03014662, 0889008886, 01048579, 0889008884, 03145752, 0889008884, 03145776, 0889008885, 03211277, 0889008562, 06029341, 0889008880, 00589854, 0889008885, 03211279, 0889008886, 01048614, 0889008889, 01310737, 0969800001];[08890, 08890, 08890]
76;[0000108880, 01114115, 0889008546, 02424843, 0852108890, 0889008889, 04653057, 0938008309, 04653076, 0889008875, 02687076, 0884408890, 0889008880, 01114145, 0889008392, 02687033, 0832308890, 0889008880, 01114124, 0889008726, 01572875, 0877408865, 02752514, 0889008881, 00065575, 0835708355, 00393219, 0839908399, 00327694, 0835708361, 00065584, 0889009148, 00720905, 0845908886, 02621455, 0889009375, 00262150, 0889000001];[08890, 08890, 08890, 08355, 08890, 08890]
77;[0000109290, 00524304, 0889008271, 00917511, 0881208629, 00983046, 0860308890, 0889008884, 03145772, 0889008885, 03211273, 0889008883, 02818057, 0889008882, 01179658, 0889008355, 0835508361, 00065580, 0889000001];[08890, 08890, 08890, 08890, 08355]
78;[0856908569, 00786441, 0864608646, 00786440, 0838508889, 01310745, 0969809698, 00524298, 0889008562, 06029338, 0889008888, 06029322, 0856408569];[08890]
79;[0000108458, 00655387, 0889008886, 02621442, 0889009044, 00458763, 0889008444, 00851987, 0831908885, 03276804, 0888508429, 02687064, 0837808378, 02686979, 0874708747, 02687003, 0837808886, 02621454, 0889008881, 00720898, 0865808658, 00720902, 0845908844, 02424840, 0887208883, 02818055, 0889008882, 01179656, 0889008812, 00917559, 0827208361, 00065598, 0889008882, 01179662, 0889008889, 01310751, 0969809698, 00524303, 0889000001];[08890]
80;[0000108880, 01114115, 0889008546, 02424843, 0852108890, 0889008889, 04653057, 0938008309, 04653076, 0889008875, 02687076, 0884408890, 0889008880, 01114145, 0889008392, 02687033, 0832308890, 0889008880, 01114124, 0889008726, 01572875, 0877408865, 02752514, 0889008881, 00065575, 0835708890, 0889008888, 02949129, 0889008886, 02621466, 0889000001];[08890, 08890, 08890, 08890, 08890]
81;[0000108880, 01114115, 0889008546, 02424843, 0852108890, 0889008889, 04653057, 0938008309, 04653076, 0889008875, 02687076, 0884408890, 0889008880, 01114145, 0889008392, 02687033, 0832308890, 0889008880, 01114124, 0889008726, 01572875, 0877408865, 02752514, 0889008881, 00065575, 0835708890, 0889008883, 00655363, 0863108631, 00655388, 0889008885, 03276811, 0888508882, 03014673, 0889000001];[08890, 08890, 08890, 08890, 08890]
82;[0000108880, 00589841, 0889008271, 00917558, 0895109005, 02031619, 0889008889, 01310723, 0969808562, 06029332, 0889008888, 06029316, 0856408890, 0889008458, 00655382, 0889008890, 02490370, 0883908890, 0889008880, 01114122, 0889008881, 00065550, 0835708890, 0889008885, 03276816, 0888508884, 03145754, 0889008884, 03145760, 0889008458, 00655398, 0889000001];[08890, 08562, 08890, 08890, 08890, 08890]
83;[0000109375, 00262160, 0889008886, 02621444, 0889008429, 02687068, 0837808562, 06029332, 0889008888, 06029316, 0856408890, 0889008458, 00655382, 0889008890, 02490370, 0883908890, 0889008880, 01114122, 0889008881, 00065550, 0835708890, 0889008885, 03276816, 0888508884, 03145754, 0889008884, 03145760, 0889008458, 00655398, 0889000001];[08562, 08890, 08890, 08890, 08890]
84;[0856908568, 00655383, 0889008885, 03211267, 0889008378, 02686984, 0842908890, 0889008889, 01310744, 0969809698, 00524295, 0889008888, 02949124, 0889008886, 02621456, 0889008883, 00655376, 0863108631, 00655372, 0889008355, 00393219, 0839908399, 00327694, 0835708361, 00065584, 0889009148, 00720905, 0845908886, 02621455, 0889009375, 00262150, 0889008569];[08890, 08890]
85;[0000109375, 00262160, 0889008886, 02621444, 0889008429, 02687068, 0837808890, 0889008889, 04653066, 0918908521, 02490369, 0853308524, 02424839, 0889008882, 03014662, 0889008886, 01048579, 0889008886, 01048600, 0889008271, 00983043, 0862308883, 00655364, 0863108631, 00655392, 0889000001];[08890, 08533]
86;[0856908568, 00655383, 0889008885, 03211267, 0889008378, 02686984, 0842908890, 0889008889, 01310744, 0969809698, 00524295, 0889008888, 02949124, 0889008886, 02621456, 0889008882, 03014662, 0889008886, 01048579, 0889008562, 06029338, 0889008888, 06029322, 0856408569];[08890, 08890]
87;[0000109375, 00262160, 0889008886, 02621444, 0889008429, 02687068, 0837808890, 0889008884, 03145740, 0889008885, 03211271, 0889008884, 02031620, 0857708880, 00589842, 0889008883, 02818057, 0889008882, 01179658, 0889008361, 00065580, 0889000001];[08890, 08890]
88;[0856908568, 00655383, 0889008885, 03211267, 0889008378, 02686984, 0842908890, 0889008889, 01310744, 0969809698, 00524295, 0889008882, 01179652, 0889008883, 02818053, 0889008882, 01179653, 0889008884, 03145772, 0889008885, 03211273, 0889008562, 06029338, 0889008888, 06029322, 0856408569];[08890, 08890]
89;[0000109375, 00262160, 0889008886, 02621444, 0889008429, 02687068, 0837808890, 0889008888, 02949129, 0889008886, 02621466, 0889000001];[08890]
90;[0856908568, 00655383, 0889008885, 03211267, 0889008378, 02686984, 0842908890, 0889008889, 01310744, 0969809698, 00524295, 0889008888, 02949124, 0889008886, 02621456, 0889008884, 02031620, 0857708880, 00589842, 0889008562, 06029338, 0889008888, 06029322, 0856408569];[08890, 08890]
91;[0856908568, 00655383, 0889008885, 03211267, 0889008378, 02686984, 0842908890, 0889008889, 01310744, 0969809698, 00524295, 0889008882, 01179652, 0889008883, 02818053, 0889008882, 01179653, 0889008883, 00655376, 0863108631, 00655372, 0889008562, 06029338, 0889008888, 06029322, 0856408569];[08890, 08890]
92;[0000108698, 06029328, 0889008886, 01048584, 0889008888, 02555915, 0891308646, 01835012, 0856908889, 04653066, 0918908521, 02490369, 0853308524, 02424839, 0889008882, 03014662, 0889008886, 01048579, 0889008886, 01048600, 0889008271, 00983043, 0862308883, 00655364, 0863108631, 00655392, 0889000001];[08569]
93;[0000109064, 04128769, 0889008885, 03211283, 0889008888, 02949122, 0889008889, 01310753, 0970009700, 00524297, 0889008355, 00393236, 0839908399, 00327692, 0839909698, 01572867, 0929008562, 06029341, 0889008880, 00589854, 0889008886, 01048614, 0889008889, 01310737, 0969800001];[08890, 08890, 08562, 08890, 08890]
